35 0 0
35 1 0.00112582363778843
35 2 0.00247894072996568
35 3 0.00410559763107676
35 4 0.00606146222988171
35 5 0.00841374712591543
35 6 0.0112435797609451
35 7 0.0146490754034618
35 8 0.0187496483550064
35 9 0.0236901692428195
35 10 0.0296470358787686
35 11 0.0368344107083255
35 12 0.045513065422463
35 13 0.0560009014506476
35 14 0.0686859416775159
35 15 0.0840415530881091
35 16 0.102647489982951
35 17 0.125212795876454
35 18 0.152606570622481
35 19 0.185895459350568
35 20 0.226390267755487
35 21 0.275706800935403
35 22 0.335831119427639
35 23 0.409220489353443
35 24 0.498914209511276
35 25 0.608671392199037
35 26 0.743167939311392
35 27 0.90824792846989
35 28 1.1112464584506
35 29 1.36139872174028
35 30 1.67034772440665
35 31 2.0529019766318
35 32 2.5278794534202
35 33 3.11939597953061
35 34 3.85853489641564
35 35 4.78545787811707
35 36 4.70774419763551
35 37 4.62634319108546
35 38 4.54130201444596
35 39 4.45269433279736
35 40 4.36060958728289
35 41 4.26518403462662
35 42 4.16659135204749
35 43 4.06503094038917
35 44 3.96071323182215
35 45 3.85388265214569
35 46 3.74484328329669
35 47 3.63390953316493
35 48 3.52142635567307
35 49 3.40775504489034
35 50 3.29329448881083
35 51 3.17843591805802
35 52 3.06358108224592
35 53 2.94913156203641
35 54 2.83551289210999
35 55 2.72314455156331
35 56 2.61244136129168
35 57 2.50375853515096
35 58 2.39747863231051
35 59 2.29395704581502
35 60 2.19351931821498
35 61 2.09643746338097
35 62 2.00299134706059
35 63 1.91340574610545
35 64 1.82787775423421
35 65 1.74657754057849
35 66 1.66963555983114
35 67 1.59712732653065
35 68 1.52910264790931
35 69 1.46552298377612
35 70 1.40609524662424
35 71 1.34975153985456
35 72 1.29194683194444
35 73 1.21181666666667
35 74 1
35 75 1
35 76 1
35 77 1
35 78 1
35 79 1
35 80 1
35 81 0

36 0 0
36 1 0.00135493568713566
36 2 0.00298364332327508
36 3 0.00494183820097962
36 4 0.00729676762960472
36 5 0.0101296010786772
36 6 0.013538493583129
36 7 0.017642863434033
36 8 0.0225875982288422
36 9 0.0285491063568509
36 10 0.035741586419887
36 11 0.0444258550596721
36 12 0.0549198694964217
36 13 0.0676117217679496
36 14 0.0829748752207996
36 15 0.101589192198745
36 16 0.124163860374986
36 17 0.151568157267375
36 18 0.184868947045695
36 19 0.225377305606063
36 20 0.274709361511413
36 21 0.334851595478708
36 22 0.40826177310024
36 23 0.497979812424735
36 24 0.607765603619268
36 25 0.742295996480975
36 26 0.907416224314315
36 27 1.11046280913642
36 28 1.36067272020306
36 29 1.66969121002599
36 30 2.05232961303691
36 31 2.52740951257706
36 32 3.11905133780022
36 33 3.85834434800728
36 34 4.78545787811707
36 35 4.70774419763551
36 36 4.62634319108546
36 37 4.54130201444596
36 38 4.45269433279736
36 39 4.36060958728289
36 40 4.26518403462662
36 41 4.16659135204749
36 42 4.06503094038917
36 43 3.96071323182215
36 44 3.85388265214569
36 45 3.74484328329669
36 46 3.63390953316493
36 47 3.52142635567307
36 48 3.40775504489034
36 49 3.29329448881083
36 50 3.17843591805802
36 51 3.06358108224592
36 52 2.94913156203641
36 53 2.83551289210999
36 54 2.72314455156331
36 55 2.61244136129168
36 56 2.50375853515096
36 57 2.39747863231051
36 58 2.29395704581502
36 59 2.19351931821498
36 60 2.09643746338097
36 61 2.00299134706059
36 62 1.91340574610545
36 63 1.82787775423421
36 64 1.74657754057849
36 65 1.66963555983114
36 66 1.59712732653065
36 67 1.52910264790931
36 68 1.46552298377612
36 69 1.40609524662424
36 70 1.34975153985456
36 71 1.29194683194444
36 72 1.21181666666667
36 73 1
36 74 1
36 75 1
36 76 1
36 77 1
36 78 1
36 79 1
36 80 0
36 81 0

37 0 0
37 1 0.00163117970162747
37 2 0.00359218362192675
37 3 0.00595030091132413
37 4 0.00878675170185157
37 5 0.0121997389650321
37 6 0.0163086858011332
37 7 0.021258500264408
37 8 0.0272256034947457
37 9 0.0344242376787766
37 10 0.0431152736442542
37 11 0.0536167358645416
37 12 0.0663167997383843
37 13 0.0816890447716262
37 14 0.100313463549142
37 15 0.122899417520829
37 16 0.1503163983702
37 17 0.183631534309846
37 18 0.224156226951009
37 19 0.273506994778326
37 20 0.33367082501573
37 21 0.407106085344577
37 22 0.496853440290922
37 23 0.606673717706872
37 24 0.741244910041808
37 25 0.90641364372207
37 26 1.10951815641555
37 27 1.35979755919024
37 28 1.66889981254148
37 29 2.05163965540222
37 30 2.52684302079548
37 31 3.11863588825864
37 32 3.85811465078283
37 33 4.78545787811707
37 34 4.70774419763551
37 35 4.62634319108546
37 36 4.54130201444596
37 37 4.45269433279736
37 38 4.36060958728289
37 39 4.26518403462662
37 40 4.16659135204749
37 41 4.06503094038917
37 42 3.96071323182215
37 43 3.85388265214569
37 44 3.74484328329669
37 45 3.63390953316493
37 46 3.52142635567307
37 47 3.40775504489034
37 48 3.29329448881083
37 49 3.17843591805802
37 50 3.06358108224592
37 51 2.94913156203641
37 52 2.83551289210999
37 53 2.72314455156331
37 54 2.61244136129168
37 55 2.50375853515096
37 56 2.39747863231051
37 57 2.29395704581502
37 58 2.19351931821498
37 59 2.09643746338097
37 60 2.00299134706059
37 61 1.91340574610545
37 62 1.82787775423421
37 63 1.74657754057849
37 64 1.66963555983114
37 65 1.59712732653065
37 66 1.52910264790931
37 67 1.46552298377612
37 68 1.40609524662424
37 69 1.34975153985456
37 70 1.29194683194444
37 71 1.21181666666667
37 72 1
37 73 1
37 74 1
37 75 1
37 76 1
37 77 1
37 78 1
37 79 0
37 80 0
37 81 0

38 0 0
38 1 0.00196439185117462
38 2 0.00432635395658044
38 3 0.00716716755129775
38 4 0.0105850934222267
38 5 0.0146995604699095
38 6 0.0196555014211427
38 7 0.0256293527940564
38 8 0.0328354093420514
38 9 0.0415346072455856
38 10 0.0520450520907175
38 11 0.064755019816168
38 12 0.080138230025222
38 13 0.0987748323839774
38 14 0.121374397930983
38 15 0.148806676650723
38 16 0.182139115212619
38 17 0.222683508066499
38 18 0.272056843973874
38 19 0.332246721046749
38 20 0.405712233134223
38 21 0.495494945073936
38 22 0.605356815641422
38 23 0.739977215416399
38 24 0.90520445104203
38 25 1.10837882939876
38 26 1.35874204475206
38 27 1.66794532364287
38 28 2.05080751110593
38 29 2.52615978622971
38 30 3.11813482275977
38 31 3.85783761749036
38 32 4.78545787811707
38 33 4.70774419763551
38 34 4.62634319108546
38 35 4.54130201444596
38 36 4.45269433279736
38 37 4.36060958728289
38 38 4.26518403462662
38 39 4.16659135204749
38 40 4.06503094038917
38 41 3.96071323182215
38 42 3.85388265214569
38 43 3.74484328329669
38 44 3.63390953316493
38 45 3.52142635567307
38 46 3.40775504489034
38 47 3.29329448881083
38 48 3.17843591805802
38 49 3.06358108224592
38 50 2.94913156203641
38 51 2.83551289210999
38 52 2.72314455156331
38 53 2.61244136129168
38 54 2.50375853515096
38 55 2.39747863231051
38 56 2.29395704581502
38 57 2.19351931821498
38 58 2.09643746338097
38 59 2.00299134706059
38 60 1.91340574610545
38 61 1.82787775423421
38 62 1.74657754057849
38 63 1.66963555983114
38 64 1.59712732653065
38 65 1.52910264790931
38 66 1.46552298377612
38 67 1.40609524662424
38 68 1.34975153985456
38 69 1.29194683194444
38 70 1.21181666666667
38 71 1
38 72 1
38 73 1
38 74 1
38 75 1
38 76 1
38 77 1
38 78 0
38 79 0
38 80 0
38 81 0

39 0 0
39 1 0.00236660196498242
39 2 0.00521268051873986
39 3 0.00863656621880147
39 4 0.0127576949653838
39 5 0.0177210292596956
39 6 0.0237030241780707
39 7 0.0309180379106083
39 8 0.0396270855043156
39 9 0.0501483704306937
39 10 0.062870289958422
39 11 0.0782667327580315
39 12 0.0969180380586103
39 13 0.119534029826779
39 14 0.146984769760316
39 15 0.180338088837006
39 16 0.220906255577707
39 17 0.27030682626619
39 18 0.330528136223949
39 19 0.404030155627162
39 20 0.493855535794411
39 21 0.603767600280682
39 22 0.738447382770309
39 23 0.903745217563983
39 24 1.10700390863321
39 25 1.35746826760291
39 26 1.66679346242317
39 27 2.04980329330362
39 28 2.52533527019668
39 29 3.1175301453062
39 30 3.857503298352
39 31 4.78545787811707
39 32 4.70774419763551
39 33 4.62634319108546
39 34 4.54130201444596
39 35 4.45269433279736
39 36 4.36060958728289
39 37 4.26518403462662
39 38 4.16659135204749
39 39 4.06503094038917
39 40 3.96071323182215
39 41 3.85388265214569
39 42 3.74484328329669
39 43 3.63390953316493
39 44 3.52142635567307
39 45 3.40775504489034
39 46 3.29329448881083
39 47 3.17843591805802
39 48 3.06358108224592
39 49 2.94913156203641
39 50 2.83551289210999
39 51 2.72314455156331
39 52 2.61244136129168
39 53 2.50375853515096
39 54 2.39747863231051
39 55 2.29395704581502
39 56 2.19351931821498
39 57 2.09643746338097
39 58 2.00299134706059
39 59 1.91340574610545
39 60 1.82787775423421
39 61 1.74657754057849
39 62 1.66963555983114
39 63 1.59712732653065
39 64 1.52910264790931
39 65 1.46552298377612
39 66 1.40609524662424
39 67 1.34975153985456
39 68 1.29194683194444
39 69 1.21181666666667
39 70 1
39 71 1
39 72 1
39 73 1
39 74 1
39 75 1
39 76 1
39 77 0
39 78 0
39 79 0
39 80 0
39 81 0

40 0 0
40 1 0.00285243653296262
40 2 0.00628351933928907
40 3 0.0104126927720222
40 4 0.0153849552880338
40 5 0.0213767843745963
40 6 0.0286026148281424
40 7 0.0373235569351444
40 8 0.047857932373836
40 9 0.0605942849312932
40 10 0.076006707444124
40 11 0.0946757680582114
40 12 0.117311596176822
40 13 0.144784629923572
40 14 0.178163164368101
40 15 0.218760040520763
40 16 0.268193500006788
40 17 0.328452768403908
40 18 0.401998874143316
40 19 0.491875780581011
40 20 0.60184845938345
40 21 0.73659995260473
40 22 0.901983043150425
40 23 1.10534355048616
40 24 1.35593005076881
40 25 1.66540247160513
40 26 2.04859059708778
40 27 2.52433958233805
40 28 3.11679993512861
40 29 3.85709957362908
40 30 4.78545787811707
40 31 4.70774419763551
40 32 4.62634319108546
40 33 4.54130201444596
40 34 4.45269433279736
40 35 4.36060958728289
40 36 4.26518403462662
40 37 4.16659135204749
40 38 4.06503094038917
40 39 3.96071323182215
40 40 3.85388265214569
40 41 3.74484328329669
40 42 3.63390953316493
40 43 3.52142635567307
40 44 3.40775504489034
40 45 3.29329448881083
40 46 3.17843591805802
40 47 3.06358108224592
40 48 2.94913156203641
40 49 2.83551289210999
40 50 2.72314455156331
40 51 2.61244136129168
40 52 2.50375853515096
40 53 2.39747863231051
40 54 2.29395704581502
40 55 2.19351931821498
40 56 2.09643746338097
40 57 2.00299134706059
40 58 1.91340574610545
40 59 1.82787775423421
40 60 1.74657754057849
40 61 1.66963555983114
40 62 1.59712732653065
40 63 1.52910264790931
40 64 1.46552298377612
40 65 1.40609524662424
40 66 1.34975153985456
40 67 1.29194683194444
40 68 1.21181666666667
40 69 1
40 70 1
40 71 1
40 72 1
40 73 1
40 74 1
40 75 1
40 76 0
40 77 0
40 78 0
40 79 0
40 80 0
40 81 0

41 0 0
41 1 0.00343978075830309
41 2 0.00757867647263549
41 3 0.0125617290535321
41 4 0.01856544307266
41 5 0.0258043459078572
41 6 0.0345396629457849
41 7 0.0450898587216042
41 8 0.0578436540949431
41 9 0.0732753886441792
41 10 0.0919659071690637
41 11 0.114625708203618
41 12 0.142125684795114
41 13 0.175534692884254
41 14 0.216166265354758
41 15 0.265639472090729
41 16 0.325944614575365
41 17 0.399544000177671
41 18 0.489483177896267
41 19 0.599529111197349
41 20 0.73436726931938
41 21 0.899853394391664
41 22 1.10333695020882
41 23 1.35407106249487
41 24 1.66372141106636
41 25 2.04712501174562
41 26 2.52313625910517
41 27 3.11591745086011
41 28 3.85661165833057
41 29 4.78545787811707
41 30 4.70774419763551
41 31 4.62634319108546
41 32 4.54130201444596
41 33 4.45269433279736
41 34 4.36060958728289
41 35 4.26518403462662
41 36 4.16659135204749
41 37 4.06503094038917
41 38 3.96071323182215
41 39 3.85388265214569
41 40 3.74484328329669
41 41 3.63390953316493
41 42 3.52142635567307
41 43 3.40775504489034
41 44 3.29329448881083
41 45 3.17843591805802
41 46 3.06358108224592
41 47 2.94913156203641
41 48 2.83551289210999
41 49 2.72314455156331
41 50 2.61244136129168
41 51 2.50375853515096
41 52 2.39747863231051
41 53 2.29395704581502
41 54 2.19351931821498
41 55 2.09643746338097
41 56 2.00299134706059
41 57 1.91340574610545
41 58 1.82787775423421
41 59 1.74657754057849
41 60 1.66963555983114
41 61 1.59712732653065
41 62 1.52910264790931
41 63 1.46552298377612
41 64 1.40609524662424
41 65 1.34975153985456
41 66 1.29194683194444
41 67 1.21181666666667
41 68 1
41 69 1
41 70 1
41 71 1
41 72 1
41 73 1
41 74 1
41 75 0
41 76 0
41 77 0
41 78 0
41 79 0
41 80 0
41 81 0

42 0 0
42 1 0.00415065576759313
42 2 0.0091467599903743
42 3 0.0151648500012426
42 4 0.0224195651643271
42 5 0.0311722700912581
42 6 0.0417416021166628
42 7 0.0545164962867905
42 8 0.0699715906383919
42 9 0.0886880646112093
42 10 0.111376863239121
42 11 0.138909429844182
42 12 0.172355298795662
42 13 0.213028839865987
42 14 0.262550124799606
42 15 0.32291075649292
42 16 0.396574589315666
42 17 0.48658909025675
42 18 0.596723632059535
42 19 0.731666619880053
42 20 0.897277375318985
42 21 1.10090977034434
42 22 1.35182243382789
42 23 1.66168800344813
42 24 2.04535224251384
42 25 2.52168072162005
42 26 3.11484999957376
42 27 3.85602147691701
42 28 4.78545787811707
42 29 4.70774419763551
42 30 4.62634319108546
42 31 4.54130201444596
42 32 4.45269433279736
42 33 4.36060958728289
42 34 4.26518403462662
42 35 4.16659135204749
42 36 4.06503094038917
42 37 3.96071323182215
42 38 3.85388265214569
42 39 3.74484328329669
42 40 3.63390953316493
42 41 3.52142635567307
42 42 3.40775504489034
42 43 3.29329448881083
42 44 3.17843591805802
42 45 3.06358108224592
42 46 2.94913156203641
42 47 2.83551289210999
42 48 2.72314455156331
42 49 2.61244136129168
42 50 2.50375853515096
42 51 2.39747863231051
42 52 2.29395704581502
42 53 2.19351931821498
42 54 2.09643746338097
42 55 2.00299134706059
42 56 1.91340574610545
42 57 1.82787775423421
42 58 1.74657754057849
42 59 1.66963555983114
42 60 1.59712732653065
42 61 1.52910264790931
42 62 1.46552298377612
42 63 1.40609524662424
42 64 1.34975153985456
42 65 1.29194683194444
42 66 1.21181666666667
42 67 1
42 68 1
42 69 1
42 70 1
42 71 1
42 72 1
42 73 1
42 74 0
42 75 0
42 76 0
42 77 0
42 78 0
42 79 0
42 80 0
42 81 0

43 0 0
43 1 0.00501190718236801
43 2 0.0110474036788345
43 3 0.0183212644468006
43 4 0.027095022671826
43 5 0.0376875249145504
43 6 0.0504879655589021
43 7 0.0659713440157525
43 8 0.0847192449077553
43 9 0.107443153891897
43 10 0.13501518056427
43 11 0.168505680737097
43 12 0.209230037489674
43 13 0.258809535621385
43 14 0.319237353782884
43 15 0.392979219456142
43 16 0.483084921937343
43 17 0.593326751128477
43 18 0.728396667001676
43 19 0.894158325190228
43 20 1.09797093508915
43 21 1.34909978879484
43 22 1.65922594858188
43 23 2.04320576923681
43 24 2.51991835330977
43 25 3.11355752697236
43 26 3.85530688383287
43 27 4.78545787811707
43 28 4.70774419763551
43 29 4.62634319108546
43 30 4.54130201444596
43 31 4.45269433279736
43 32 4.36060958728289
43 33 4.26518403462662
43 34 4.16659135204749
43 35 4.06503094038917
43 36 3.96071323182215
43 37 3.85388265214569
43 38 3.74484328329669
43 39 3.63390953316493
43 40 3.52142635567307
43 41 3.40775504489034
43 42 3.29329448881083
43 43 3.17843591805802
43 44 3.06358108224592
43 45 2.94913156203641
43 46 2.83551289210999
43 47 2.72314455156331
43 48 2.61244136129168
43 49 2.50375853515096
43 50 2.39747863231051
43 51 2.29395704581502
43 52 2.19351931821498
43 53 2.09643746338097
43 54 2.00299134706059
43 55 1.91340574610545
43 56 1.82787775423421
43 57 1.74657754057849
43 58 1.66963555983114
43 59 1.59712732653065
43 60 1.52910264790931
43 61 1.46552298377612
43 62 1.40609524662424
43 63 1.34975153985456
43 64 1.29194683194444
43 65 1.21181666666667
43 66 1
43 67 1
43 68 1
43 69 1
43 70 1
43 71 1
43 72 1
43 73 0
43 74 0
43 75 0
43 76 0
43 77 0
43 78 0
43 79 0
43 80 0
43 81 0

44 0 0
44 1 0.0060565951169591
44 2 0.013353662513812
44 3 0.0221529397067021
44 4 0.0327735268617543
44 5 0.0456049327093653
44 6 0.0611225946865311
44 7 0.0799085885432169
44 8 0.102675055232489
44 9 0.130294911949597
44 10 0.163839510188116
44 11 0.204625461269362
44 12 0.25427552035189
44 13 0.31478477607794
44 14 0.388621226352415
44 15 0.478837475369413
44 16 0.589209348955647
44 17 0.724433115920629
44 18 0.890377685233175
44 19 1.09440873585083
44 20 1.34579963644847
44 21 1.6562416608598
44 22 2.04060400193494
44 23 2.51778216447733
44 24 3.11199090464873
44 25 3.85444071655264
44 26 4.78545787811707
44 27 4.70774419763551
44 28 4.62634319108546
44 29 4.54130201444596
44 30 4.45269433279736
44 31 4.36060958728289
44 32 4.26518403462662
44 33 4.16659135204749
44 34 4.06503094038917
44 35 3.96071323182215
44 36 3.85388265214569
44 37 3.74484328329669
44 38 3.63390953316493
44 39 3.52142635567307
44 40 3.40775504489034
44 41 3.29329448881083
44 42 3.17843591805802
44 43 3.06358108224592
44 44 2.94913156203641
44 45 2.83551289210999
44 46 2.72314455156331
44 47 2.61244136129168
44 48 2.50375853515096
44 49 2.39747863231051
44 50 2.29395704581502
44 51 2.19351931821498
44 52 2.09643746338097
44 53 2.00299134706059
44 54 1.91340574610545
44 55 1.82787775423421
44 56 1.74657754057849
44 57 1.66963555983114
44 58 1.59712732653065
44 59 1.52910264790931
44 60 1.46552298377612
44 61 1.40609524662424
44 62 1.34975153985456
44 63 1.29194683194444
44 64 1.21181666666667
44 65 1
44 66 1
44 67 1
44 68 1
44 69 1
44 70 1
44 71 1
44 72 0
44 73 0
44 74 0
44 75 0
44 76 0
44 77 0
44 78 0
44 79 0
44 80 0
44 81 0

45 0 0
45 1 0.00732522979848674
45 2 0.0161554755316929
45 3 0.0268101451286492
45 4 0.0396791287948704
45 5 0.0552383955339021
45 6 0.0740706171031977
45 7 0.0968887296903009
45 8 0.12456663055232
45 9 0.15817687949181
45 10 0.199037578363044
45 11 0.248773266678766
45 12 0.309381350951267
45 13 0.383332584356926
45 14 0.473682987108857
45 15 0.584212676054783
45 16 0.719623148993293
45 17 0.885789690077884
45 18 1.09008582940291
45 19 1.34179473697409
45 20 1.6526200788614
45 21 2.03744662754547
45 22 2.51518979278223
45 23 3.1100897303204
45 24 3.85338957935615
45 25 4.78545787811707
45 26 4.70774419763551
45 27 4.62634319108546
45 28 4.54130201444596
45 29 4.45269433279736
45 30 4.36060958728289
45 31 4.26518403462662
45 32 4.16659135204749
45 33 4.06503094038917
45 34 3.96071323182215
45 35 3.85388265214569
45 36 3.74484328329669
45 37 3.63390953316493
45 38 3.52142635567307
45 39 3.40775504489034
45 40 3.29329448881083
45 41 3.17843591805802
45 42 3.06358108224592
45 43 2.94913156203641
45 44 2.83551289210999
45 45 2.72314455156331
45 46 2.61244136129168
45 47 2.50375853515096
45 48 2.39747863231051
45 49 2.29395704581502
45 50 2.19351931821498
45 51 2.09643746338097
45 52 2.00299134706059
45 53 1.91340574610545
45 54 1.82787775423421
45 55 1.74657754057849
45 56 1.66963555983114
45 57 1.59712732653065
45 58 1.52910264790931
45 59 1.46552298377612
45 60 1.40609524662424
45 61 1.34975153985456
45 62 1.29194683194444
45 63 1.21181666666667
45 64 1
45 65 1
45 66 1
45 67 1
45 68 1
45 69 1
45 70 1
45 71 0
45 72 0
45 73 0
45 74 0
45 75 0
45 76 0
45 77 0
45 78 0
45 79 0
45 80 0
45 81 0

46 0 0
46 1 0.00886787602370652
46 2 0.0195639596549286
46 3 0.0324786046347356
46 4 0.0480884258803479
46 5 0.066976819365947
46 6 0.0898576875792018
46 7 0.117606118663586
46 8 0.151296140654175
46 9 0.192247666571915
46 10 0.242087404122361
46 11 0.302815576292927
46 12 0.376906284227476
46 13 0.467419698989843
46 14 0.578141151505186
46 15 0.713778493387154
46 16 0.880214755362032
46 17 1.08483300754627
46 18 1.33692832967471
46 19 1.64821944579057
46 20 2.03361005939337
46 21 2.51203976701492
46 22 3.10777958778425
46 23 3.85211232838934
46 24 4.78545787811707
46 25 4.70774419763551
46 26 4.62634319108546
46 27 4.54130201444596
46 28 4.45269433279736
46 29 4.36060958728289
46 30 4.26518403462662
46 31 4.16659135204749
46 32 4.06503094038917
46 33 3.96071323182215
46 34 3.85388265214569
46 35 3.74484328329669
46 36 3.63390953316493
46 37 3.52142635567307
46 38 3.40775504489034
46 39 3.29329448881083
46 40 3.17843591805802
46 41 3.06358108224592
46 42 2.94913156203641
46 43 2.83551289210999
46 44 2.72314455156331
46 45 2.61244136129168
46 46 2.50375853515096
46 47 2.39747863231051
46 48 2.29395704581502
46 49 2.19351931821498
46 50 2.09643746338097
46 51 2.00299134706059
46 52 1.91340574610545
46 53 1.82787775423421
46 54 1.74657754057849
46 55 1.66963555983114
46 56 1.59712732653065
46 57 1.52910264790931
46 58 1.46552298377612
46 59 1.40609524662424
46 60 1.34975153985456
46 61 1.29194683194444
46 62 1.21181666666667
46 63 1
46 64 1
46 65 1
46 66 1
46 67 1
46 68 1
46 69 1
46 70 0
46 71 0
46 72 0
46 73 0
46 74 0
46 75 0
46 76 0
46 77 0
46 78 0
46 79 0
46 80 0
46 81 0

47 0 0
47 1 0.0107464780747022
47 2 0.0237166857768451
47 3 0.0393880240002094
47 4 0.0583447699781822
47 5 0.0813020020355111
47 6 0.109136257439299
47 7 0.142923350835418
47 8 0.183985399153179
47 9 0.233951748451825
47 10 0.294826048931284
47 11 0.369086475691531
47 12 0.459798250736641
47 13 0.57075304971368
47 14 0.706666455841773
47 15 0.873430926222373
47 16 1.07844113969619
47 17 1.33100666828752
47 18 1.6428645592528
47 19 2.02894155219947
47 20 2.50820667520666
47 21 3.1049685033407
47 22 3.85055811246236
47 23 4.78545787811707
47 24 4.70774419763551
47 25 4.62634319108546
47 26 4.54130201444596
47 27 4.45269433279736
47 28 4.36060958728289
47 29 4.26518403462662
47 30 4.16659135204749
47 31 4.06503094038917
47 32 3.96071323182215
47 33 3.85388265214569
47 34 3.74484328329669
47 35 3.63390953316493
47 36 3.52142635567307
47 37 3.40775504489034
47 38 3.29329448881083
47 39 3.17843591805802
47 40 3.06358108224592
47 41 2.94913156203641
47 42 2.83551289210999
47 43 2.72314455156331
47 44 2.61244136129168
47 45 2.50375853515096
47 46 2.39747863231051
47 47 2.29395704581502
47 48 2.19351931821498
47 49 2.09643746338097
47 50 2.00299134706059
47 51 1.91340574610545
47 52 1.82787775423421
47 53 1.74657754057849
47 54 1.66963555983114
47 55 1.59712732653065
47 56 1.52910264790931
47 57 1.46552298377612
47 58 1.40609524662424
47 59 1.34975153985456
47 60 1.29194683194444
47 61 1.21181666666667
47 62 1
47 63 1
47 64 1
47 65 1
47 66 1
47 67 1
47 68 1
47 69 0
47 70 0
47 71 0
47 72 0
47 73 0
47 74 0
47 75 0
47 76 0
47 77 0
47 78 0
47 79 0
47 80 0
47 81 0

48 0 -6.93889390390723e-18
48 1 0.0130379258563485
48 2 0.0287842390991236
48 3 0.0478242910136003
48 4 0.0708745929989553
48 5 0.0988134484700482
48 6 0.13271884953959
48 7 0.173915599193302
48 8 0.224036259035572
48 9 0.285088656248585
48 10 0.359555931145983
48 11 0.450509461664013
48 12 0.561748656203619
48 13 0.697998521029264
48 14 0.865163001821447
48 15 1.07065092578055
48 16 1.32378952769196
48 17 1.63633818658651
48 18 2.02325171777857
48 19 2.503535019621
48 20 3.101542439213
48 21 3.84866388141342
48 22 4.78545787811707
48 23 4.70774419763551
48 24 4.62634319108546
48 25 4.54130201444596
48 26 4.45269433279736
48 27 4.36060958728289
48 28 4.26518403462662
48 29 4.16659135204749
48 30 4.06503094038917
48 31 3.96071323182215
48 32 3.85388265214569
48 33 3.74484328329669
48 34 3.63390953316493
48 35 3.52142635567307
48 36 3.40775504489034
48 37 3.29329448881083
48 38 3.17843591805802
48 39 3.06358108224592
48 40 2.94913156203641
48 41 2.83551289210999
48 42 2.72314455156331
48 43 2.61244136129168
48 44 2.50375853515096
48 45 2.39747863231051
48 46 2.29395704581502
48 47 2.19351931821498
48 48 2.09643746338097
48 49 2.00299134706059
48 50 1.91340574610545
48 51 1.82787775423421
48 52 1.74657754057849
48 53 1.66963555983114
48 54 1.59712732653065
48 55 1.52910264790931
48 56 1.46552298377612
48 57 1.40609524662424
48 58 1.34975153985456
48 59 1.29194683194444
48 60 1.21181666666667
48 61 1
48 62 1
48 63 1
48 64 1
48 65 1
48 66 1
48 67 1
48 68 0
48 69 0
48 70 0
48 71 0
48 72 0
48 73 0
48 74 0
48 75 0
48 76 0
48 77 0
48 78 0
48 79 0
48 80 0
48 81 0

49 0 0
49 1 0.0158378518438333
49 2 0.0349796137538165
49 3 0.0581435468002774
49 4 0.0862101107255579
49 5 0.120259956158099
49 6 0.161621165547207
49 7 0.211930226424951
49 8 0.273200065740289
49 9 0.347919885942178
49 10 0.439168580875811
49 11 0.550755000026348
49 12 0.68741565445538
49 13 0.855068516494714
49 14 1.06113968737894
49 15 1.31497796673541
49 16 1.62836999893482
49 17 2.01630487752119
49 18 2.49783129563003
49 19 3.0973594844122
49 20 3.84635117430559
49 21 4.78545787811707
49 22 4.70774419763551
49 23 4.62634319108546
49 24 4.54130201444596
49 25 4.45269433279736
49 26 4.36060958728289
49 27 4.26518403462662
49 28 4.16659135204749
49 29 4.06503094038917
49 30 3.96071323182215
49 31 3.85388265214569
49 32 3.74484328329669
49 33 3.63390953316493
49 34 3.52142635567307
49 35 3.40775504489034
49 36 3.29329448881083
49 37 3.17843591805802
49 38 3.06358108224592
49 39 2.94913156203641
49 40 2.83551289210999
49 41 2.72314455156331
49 42 2.61244136129168
49 43 2.50375853515096
49 44 2.39747863231051
49 45 2.29395704581502
49 46 2.19351931821498
49 47 2.09643746338097
49 48 2.00299134706059
49 49 1.91340574610545
49 50 1.82787775423421
49 51 1.74657754057849
49 52 1.66963555983114
49 53 1.59712732653065
49 54 1.52910264790931
49 55 1.46552298377612
49 56 1.40609524662424
49 57 1.34975153985456
49 58 1.29194683194444
49 59 1.21181666666667
49 60 1
49 61 1
49 62 1
49 63 1
49 64 1
49 65 1
49 66 1
49 67 0
49 68 0
49 69 0
49 70 0
49 71 0
49 72 0
49 73 0
49 74 0
49 75 0
49 76 0
49 77 0
49 78 0
49 79 0
49 80 0
49 81 0

50 0 0
50 1 0.0192661879609044
50 2 0.0425691305916734
50 3 0.0707919255593863
50 4 0.105018475764906
50 5 0.146580875561201
50 6 0.197120415230306
50 7 0.25865626047713
50 8 0.333685029811893
50 9 0.425294811602555
50 10 0.537306005003701
50 11 0.674469195371845
50 12 0.8427195144224
50 13 1.04950419543162
50 14 1.30419841919131
50 15 1.61862218489196
50 16 2.00780652005592
50 17 2.49085369379056
50 18 3.09224230252213
50 19 3.84352194389485
50 20 4.78545787811707
50 21 4.70774419763551
50 22 4.62634319108546
50 23 4.54130201444596
50 24 4.45269433279736
50 25 4.36060958728289
50 26 4.26518403462662
50 27 4.16659135204749
50 28 4.06503094038917
50 29 3.96071323182215
50 30 3.85388265214569
50 31 3.74484328329669
50 32 3.63390953316493
50 33 3.52142635567307
50 34 3.40775504489034
50 35 3.29329448881083
50 36 3.17843591805802
50 37 3.06358108224592
50 38 2.94913156203641
50 39 2.83551289210999
50 40 2.72314455156331
50 41 2.61244136129168
50 42 2.50375853515096
50 43 2.39747863231051
50 44 2.29395704581502
50 45 2.19351931821498
50 46 2.09643746338097
50 47 2.00299134706059
50 48 1.91340574610545
50 49 1.82787775423421
50 50 1.74657754057849
50 51 1.66963555983114
50 52 1.59712732653065
50 53 1.52910264790931
50 54 1.46552298377612
50 55 1.40609524662424
50 56 1.34975153985456
50 57 1.29194683194444
50 58 1.21181666666667
50 59 1
50 60 1
50 61 1
50 62 1
50 63 1
50 64 1
50 65 1
50 66 0
50 67 0
50 68 0
50 69 0
50 70 0
50 71 0
50 72 0
50 73 0
50 74 0
50 75 0
50 76 0
50 77 0
50 78 0
50 79 0
50 80 0
50 81 0

51 0 -1.38777878078145e-17
51 1 0.0234733818981156
51 2 0.051887731315412
51 3 0.0863309387549859
51 4 0.128140017553801
51 5 0.178962146632363
51 6 0.240824141017018
51 7 0.316231712030216
51 8 0.408284221418883
51 9 0.520816229355384
51 10 0.658595577650363
51 11 0.827578437092077
51 12 1.03523795089467
51 13 1.29098164572287
51 14 1.60667041701952
51 15 1.99738670744201
51 16 2.48229847544879
51 17 3.08596813994145
51 18 3.84005303230317
51 19 4.78545787811707
51 20 4.70774419763551
51 21 4.62634319108546
51 22 4.54130201444596
51 23 4.45269433279736
51 24 4.36060958728289
51 25 4.26518403462662
51 26 4.16659135204749
51 27 4.06503094038917
51 28 3.96071323182215
51 29 3.85388265214569
51 30 3.74484328329669
51 31 3.63390953316493
51 32 3.52142635567307
51 33 3.40775504489034
51 34 3.29329448881083
51 35 3.17843591805802
51 36 3.06358108224592
51 37 2.94913156203641
51 38 2.83551289210999
51 39 2.72314455156331
51 40 2.61244136129168
51 41 2.50375853515096
51 42 2.39747863231051
51 43 2.29395704581502
51 44 2.19351931821498
51 45 2.09643746338097
51 46 2.00299134706059
51 47 1.91340574610545
51 48 1.82787775423421
51 49 1.74657754057849
51 50 1.66963555983114
51 51 1.59712732653065
51 52 1.52910264790931
51 53 1.46552298377612
51 54 1.40609524662424
51 55 1.34975153985456
51 56 1.29194683194444
51 57 1.21181666666667
51 58 1
51 59 1
51 60 1
51 61 1
51 62 1
51 63 1
51 64 1
51 65 0
51 66 0
51 67 0
51 68 0
51 69 0
51 70 0
51 71 0
51 72 0
51 73 0
51 74 0
51 75 0
51 76 0
51 77 0
51 78 0
51 79 0
51 80 0
51 81 0

52 0 0
52 1 0.0286498170505122
52 2 0.0633593496327946
52 3 0.105471657727583
52 4 0.156641158843501
52 5 0.218904070908364
52 6 0.294777282552062
52 7 0.387374013282955
52 8 0.500546230654691
52 9 0.63908298891344
52 10 0.80896632105373
52 11 1.01770121998972
52 12 1.27473497343658
52 13 1.59197874841152
52 14 1.98457818944577
52 15 2.47178200340148
52 16 3.07825564766317
52 17 3.83578888493356
52 18 4.78545787811707
52 19 4.70774419763551
52 20 4.62634319108546
52 21 4.54130201444596
52 22 4.45269433279736
52 23 4.36060958728289
52 24 4.26518403462662
52 25 4.16659135204749
52 26 4.06503094038917
52 27 3.96071323182215
52 28 3.85388265214569
52 29 3.74484328329669
52 30 3.63390953316493
52 31 3.52142635567307
52 32 3.40775504489034
52 33 3.29329448881083
52 34 3.17843591805802
52 35 3.06358108224592
52 36 2.94913156203641
52 37 2.83551289210999
52 38 2.72314455156331
52 39 2.61244136129168
52 40 2.50375853515096
52 41 2.39747863231051
52 42 2.29395704581502
52 43 2.19351931821498
52 44 2.09643746338097
52 45 2.00299134706059
52 46 1.91340574610545
52 47 1.82787775423421
52 48 1.74657754057849
52 49 1.66963555983114
52 50 1.59712732653065
52 51 1.52910264790931
52 52 1.46552298377612
52 53 1.40609524662424
52 54 1.34975153985456
52 55 1.29194683194444
52 56 1.21181666666667
52 57 1
52 58 1
52 59 1
52 60 1
52 61 1
52 62 1
52 63 1
52 64 0
52 65 0
52 66 0
52 67 0
52 68 0
52 69 0
52 70 0
52 71 0
52 72 0
52 73 0
52 74 0
52 75 0
52 76 0
52 77 0
52 78 0
52 79 0
52 80 0
52 81 0

53 0 0
53 1 0.0350378824732224
53 2 0.0775240392600635
53 3 0.129121812259822
53 4 0.19187901215359
53 5 0.268326307973821
53 6 0.361594004339237
53 7 0.475555530208474
53 8 0.615026092450097
53 9 0.786019609341873
53 10 0.996080341008766
53 11 1.25470459621013
53 12 1.5738655213384
53 13 1.96878668195084
53 14 2.45881633889573
53 15 3.06874698478329
53 16 3.83053165570795
53 17 4.78545787811707
53 18 4.70774419763551
53 19 4.62634319108546
53 20 4.54130201444596
53 21 4.45269433279736
53 22 4.36060958728289
53 23 4.26518403462662
53 24 4.16659135204749
53 25 4.06503094038917
53 26 3.96071323182215
53 27 3.85388265214569
53 28 3.74484328329669
53 29 3.63390953316493
53 30 3.52142635567307
53 31 3.40775504489034
53 32 3.29329448881083
53 33 3.17843591805802
53 34 3.06358108224592
53 35 2.94913156203641
53 36 2.83551289210999
53 37 2.72314455156331
53 38 2.61244136129168
53 39 2.50375853515096
53 40 2.39747863231051
53 41 2.29395704581502
53 42 2.19351931821498
53 43 2.09643746338097
53 44 2.00299134706059
53 45 1.91340574610545
53 46 1.82787775423421
53 47 1.74657754057849
53 48 1.66963555983114
53 49 1.59712732653065
53 50 1.52910264790931
53 51 1.46552298377612
53 52 1.40609524662424
53 53 1.34975153985456
53 54 1.29194683194444
53 55 1.21181666666667
53 56 1
53 57 1
53 58 1
53 59 1
53 60 1
53 61 1
53 62 1
53 63 0
53 64 0
53 65 0
53 66 0
53 67 0
53 68 0
53 69 0
53 70 0
53 71 0
53 72 0
53 73 0
53 74 0
53 75 0
53 76 0
53 77 0
53 78 0
53 79 0
53 80 0
53 81 0

54 0 0
54 1 0.0429486634239837
54 2 0.0950762726729734
54 3 0.158444980394338
54 4 0.235602504035528
54 5 0.329700285047109
54 6 0.444638303349268
54 7 0.585264120508322
54 8 0.757631101656979
54 9 0.969332086321465
54 10 1.22992402961023
54 11 1.55145675565465
54 12 1.94925022995262
54 13 2.44277587649383
54 14 3.05698334942551
54 15 3.82402767839972
54 16 4.78545787811707
54 17 4.70774419763551
54 18 4.62634319108546
54 19 4.54130201444596
54 20 4.45269433279736
54 21 4.36060958728289
54 22 4.26518403462662
54 23 4.16659135204749
54 24 4.06503094038917
54 25 3.96071323182215
54 26 3.85388265214569
54 27 3.74484328329669
54 28 3.63390953316493
54 29 3.52142635567307
54 30 3.40775504489034
54 31 3.29329448881083
54 32 3.17843591805802
54 33 3.06358108224592
54 34 2.94913156203641
54 35 2.83551289210999
54 36 2.72314455156331
54 37 2.61244136129168
54 38 2.50375853515096
54 39 2.39747863231051
54 40 2.29395704581502
54 41 2.19351931821498
54 42 2.09643746338097
54 43 2.00299134706059
54 44 1.91340574610545
54 45 1.82787775423421
54 46 1.74657754057849
54 47 1.66963555983114
54 48 1.59712732653065
54 49 1.52910264790931
54 50 1.46552298377612
54 51 1.40609524662424
54 52 1.34975153985456
54 53 1.29194683194444
54 54 1.21181666666667
54 55 1
54 56 1
54 57 1
54 58 1
54 59 1
54 60 1
54 61 1
54 62 0
54 63 0
54 64 0
54 65 0
54 66 0
54 67 0
54 68 0
54 69 0
54 70 0
54 71 0
54 72 0
54 73 0
54 74 0
54 75 0
54 76 0
54 77 0
54 78 0
54 79 0
54 80 0
54 81 0

55 0 0
55 1 0.0527857585297366
55 2 0.116914065915126
55 3 0.194953816716516
55 4 0.290082708026088
55 5 0.406233700701584
55 6 0.548294546502202
55 7 0.722367610453063
55 8 0.936106076192456
55 9 1.19914223220041
55 10 1.52362114976966
55 11 1.92498253998308
55 12 2.42285081699106
55 13 3.04237085705467
55 14 3.81594860114969
55 15 4.78545787811707
55 16 4.70774419763551
55 17 4.62634319108546
55 18 4.54130201444596
55 19 4.45269433279736
55 20 4.36060958728289
55 21 4.26518403462662
55 22 4.16659135204749
55 23 4.06503094038917
55 24 3.96071323182215
55 25 3.85388265214569
55 26 3.74484328329669
55 27 3.63390953316493
55 28 3.52142635567307
55 29 3.40775504489034
55 30 3.29329448881083
55 31 3.17843591805802
55 32 3.06358108224592
55 33 2.94913156203641
55 34 2.83551289210999
55 35 2.72314455156331
55 36 2.61244136129168
55 37 2.50375853515096
55 38 2.39747863231051
55 39 2.29395704581502
55 40 2.19351931821498
55 41 2.09643746338097
55 42 2.00299134706059
55 43 1.91340574610545
55 44 1.82787775423421
55 45 1.74657754057849
55 46 1.66963555983114
55 47 1.59712732653065
55 48 1.52910264790931
55 49 1.46552298377612
55 50 1.40609524662424
55 51 1.34975153985456
55 52 1.29194683194444
55 53 1.21181666666667
55 54 1
55 55 1
55 56 1
55 57 1
55 58 1
55 59 1
55 60 1
55 61 0
55 62 0
55 63 0
55 64 0
55 65 0
55 66 0
55 67 0
55 68 0
55 69 0
55 70 0
55 71 0
55 72 0
55 73 0
55 74 0
55 75 0
55 76 0
55 77 0
55 78 0
55 79 0
55 80 0
55 81 0

56 0 0
56 1 0.0650764170325939
56 2 0.144217337464814
56 3 0.240633229897687
56 4 0.358298221011623
56 5 0.502150226765992
56 6 0.678352772390304
56 7 0.894634361243893
56 8 1.16072131067453
56 9 1.48887757664125
56 10 1.89469233309489
56 11 2.39798095194186
56 12 3.02413197986361
56 13 3.80586453786734
56 14 4.78545787811707
56 15 4.70774419763551
56 16 4.62634319108546
56 17 4.54130201444596
56 18 4.45269433279736
56 19 4.36060958728289
56 20 4.26518403462662
56 21 4.16659135204749
56 22 4.06503094038917
56 23 3.96071323182215
56 24 3.85388265214569
56 25 3.74484328329669
56 26 3.63390953316493
56 27 3.52142635567307
56 28 3.40775504489034
56 29 3.29329448881083
56 30 3.17843591805802
56 31 3.06358108224592
56 32 2.94913156203641
56 33 2.83551289210999
56 34 2.72314455156331
56 35 2.61244136129168
56 36 2.50375853515096
56 37 2.39747863231051
56 38 2.29395704581502
56 39 2.19351931821498
56 40 2.09643746338097
56 41 2.00299134706059
56 42 1.91340574610545
56 43 1.82787775423421
56 44 1.74657754057849
56 45 1.66963555983114
56 46 1.59712732653065
56 47 1.52910264790931
56 48 1.46552298377612
56 49 1.40609524662424
56 50 1.34975153985456
56 51 1.29194683194444
56 52 1.21181666666667
56 53 1
56 54 1
56 55 1
56 56 1
56 57 1
56 58 1
56 59 1
56 60 0
56 61 0
56 62 0
56 63 0
56 64 0
56 65 0
56 66 0
56 67 0
56 68 0
56 69 0
56 70 0
56 71 0
56 72 0
56 73 0
56 74 0
56 75 0
56 76 0
56 77 0
56 78 0
56 79 0
56 80 0
56 81 0

57 0 0
57 1 0.0805233167342181
57 2 0.178554896290771
57 3 0.298120544473277
57 4 0.444221152828943
57 5 0.623097026438458
57 6 0.842571224214564
57 7 1.11248810631643
57 8 1.44526087521194
57 9 1.85666633890047
57 10 2.36675959556527
57 11 3.00123509306651
57 12 3.79320511519499
57 13 4.78545787811707
57 14 4.70774419763551
57 15 4.62634319108546
57 16 4.54130201444596
57 17 4.45269433279736
57 18 4.36060958728289
57 19 4.26518403462662
57 20 4.16659135204749
57 21 4.06503094038917
57 22 3.96071323182215
57 23 3.85388265214569
57 24 3.74484328329669
57 25 3.63390953316493
57 26 3.52142635567307
57 27 3.40775504489034
57 28 3.29329448881083
57 29 3.17843591805802
57 30 3.06358108224592
57 31 2.94913156203641
57 32 2.83551289210999
57 33 2.72314455156331
57 34 2.61244136129168
57 35 2.50375853515096
57 36 2.39747863231051
57 37 2.29395704581502
57 38 2.19351931821498
57 39 2.09643746338097
57 40 2.00299134706059
57 41 1.91340574610545
57 42 1.82787775423421
57 43 1.74657754057849
57 44 1.66963555983114
57 45 1.59712732653065
57 46 1.52910264790931
57 47 1.46552298377612
57 48 1.40609524662424
57 49 1.34975153985456
57 50 1.29194683194444
57 51 1.21181666666667
57 52 1
57 53 1
57 54 1
57 55 1
57 56 1
57 57 1
57 58 1
57 59 0
57 60 0
57 61 0
57 62 0
57 63 0
57 64 0
57 65 0
57 66 0
57 67 0
57 68 0
57 69 0
57 70 0
57 71 0
57 72 0
57 73 0
57 74 0
57 75 0
57 76 0
57 77 0
57 78 0
57 79 0
57 80 0
57 81 0

58 0 0
58 1 0.100074165100866
58 2 0.222042663808115
58 3 0.370986002727761
58 4 0.553241553638501
58 5 0.77675191456662
58 6 1.05151067786893
58 7 1.39011972657964
58 8 1.80859307959718
58 9 2.32728890209127
58 10 2.97228836860726
58 11 3.777200807572
58 12 4.78545787811707
58 13 4.70774419763551
58 14 4.62634319108546
58 15 4.54130201444596
58 16 4.45269433279736
58 17 4.36060958728289
58 18 4.26518403462662
58 19 4.16659135204749
58 20 4.06503094038917
58 21 3.96071323182215
58 22 3.85388265214569
58 23 3.74484328329669
58 24 3.63390953316493
58 25 3.52142635567307
58 26 3.40775504489034
58 27 3.29329448881083
58 28 3.17843591805802
58 29 3.06358108224592
58 30 2.94913156203641
58 31 2.83551289210999
58 32 2.72314455156331
58 33 2.61244136129168
58 34 2.50375853515096
58 35 2.39747863231051
58 36 2.29395704581502
58 37 2.19351931821498
58 38 2.09643746338097
58 39 2.00299134706059
58 40 1.91340574610545
58 41 1.82787775423421
58 42 1.74657754057849
58 43 1.66963555983114
58 44 1.59712732653065
58 45 1.52910264790931
58 46 1.46552298377612
58 47 1.40609524662424
58 48 1.34975153985456
58 49 1.29194683194444
58 50 1.21181666666667
58 51 1
58 52 1
58 53 1
58 54 1
58 55 1
58 56 1
58 57 1
58 58 0
58 59 0
58 60 0
58 61 0
58 62 0
58 63 0
58 64 0
58 65 0
58 66 0
58 67 0
58 68 0
58 69 0
58 70 0
58 71 0
58 72 0
58 73 0
58 74 0
58 75 0
58 76 0
58 77 0
58 78 0
58 79 0
58 80 0
58 81 0

59 0 0
59 1 0.125032477042824
59 2 0.277600704307465
59 3 0.464165827505599
59 4 0.692822874142738
59 5 0.973755728987083
59 6 1.31980686980048
59 7 1.7472927933293
59 8 2.27695811852855
59 9 2.93537715181883
59 10 3.75679302467923
59 11 4.78545787811707
59 12 4.70774419763551
59 13 4.62634319108546
59 14 4.54130201444596
59 15 4.45269433279736
59 16 4.36060958728289
59 17 4.26518403462662
59 18 4.16659135204749
59 19 4.06503094038917
59 20 3.96071323182215
59 21 3.85388265214569
59 22 3.74484328329669
59 23 3.63390953316493
59 24 3.52142635567307
59 25 3.40775504489034
59 26 3.29329448881083
59 27 3.17843591805802
59 28 3.06358108224592
59 29 2.94913156203641
59 30 2.83551289210999
59 31 2.72314455156331
59 32 2.61244136129168
59 33 2.50375853515096
59 34 2.39747863231051
59 35 2.29395704581502
59 36 2.19351931821498
59 37 2.09643746338097
59 38 2.00299134706059
59 39 1.91340574610545
59 40 1.82787775423421
59 41 1.74657754057849
59 42 1.66963555983114
59 43 1.59712732653065
59 44 1.52910264790931
59 45 1.46552298377612
59 46 1.40609524662424
59 47 1.34975153985456
59 48 1.29194683194444
59 49 1.21181666666667
59 50 1
59 51 1
59 52 1
59 53 1
59 54 1
59 55 1
59 56 1
59 57 0
59 58 0
59 59 0
59 60 0
59 61 0
59 62 0
59 63 0
59 64 0
59 65 0
59 66 0
59 67 0
59 68 0
59 69 0
59 70 0
59 71 0
59 72 0
59 73 0
59 74 0
59 75 0
59 76 0
59 77 0
59 78 0
59 79 0
59 80 0
59 81 0

60 0 0
60 1 0.157240198156471
60 2 0.349359753482353
60 3 0.584650153628197
60 4 0.873540543497778
60 5 1.22918349359436
60 6 1.66828535203809
60 7 2.21208882232177
60 8 2.88780378844734
60 9 3.73049026482363
60 10 4.78545787811707
60 11 4.70774419763551
60 12 4.62634319108546
60 13 4.54130201444596
60 14 4.45269433279736
60 15 4.36060958728289
60 16 4.26518403462662
60 17 4.16659135204749
60 18 4.06503094038917
60 19 3.96071323182215
60 20 3.85388265214569
60 21 3.74484328329669
60 22 3.63390953316493
60 23 3.52142635567307
60 24 3.40775504489034
60 25 3.29329448881083
60 26 3.17843591805802
60 27 3.06358108224592
60 28 2.94913156203641
60 29 2.83551289210999
60 30 2.72314455156331
60 31 2.61244136129168
60 32 2.50375853515096
60 33 2.39747863231051
60 34 2.29395704581502
60 35 2.19351931821498
60 36 2.09643746338097
60 37 2.00299134706059
60 38 1.91340574610545
60 39 1.82787775423421
60 40 1.74657754057849
60 41 1.66963555983114
60 42 1.59712732653065
60 43 1.52910264790931
60 44 1.46552298377612
60 45 1.40609524662424
60 46 1.34975153985456
60 47 1.29194683194444
60 48 1.21181666666667
60 49 1
60 50 1
60 51 1
60 52 1
60 53 1
60 54 1
60 55 1
60 56 0
60 57 0
60 58 0
60 59 0
60 60 0
60 61 0
60 62 0
60 63 0
60 64 0
60 65 0
60 66 0
60 67 0
60 68 0
60 69 0
60 70 0
60 71 0
60 72 0
60 73 0
60 74 0
60 75 0
60 76 0
60 77 0
60 78 0
60 79 0
60 80 0
60 81 0

61 0 0
61 1 0.199375922354765
61 2 0.443332203473577
61 3 0.742618398613663
61 4 1.11079218661214
61 5 1.56506922141731
61 6 2.1273429092643
61 7 2.82565345921793
61 8 3.69612806991422
61 9 4.78545787811707
61 10 4.70774419763551
61 11 4.62634319108546
61 12 4.54130201444596
61 13 4.45269433279736
61 14 4.36060958728289
61 15 4.26518403462662
61 16 4.16659135204749
61 17 4.06503094038917
61 18 3.96071323182215
61 19 3.85388265214569
61 20 3.74484328329669
61 21 3.63390953316493
61 22 3.52142635567307
61 23 3.40775504489034
61 24 3.29329448881083
61 25 3.17843591805802
61 26 3.06358108224592
61 27 2.94913156203641
61 28 2.83551289210999
61 29 2.72314455156331
61 30 2.61244136129168
61 31 2.50375853515096
61 32 2.39747863231051
61 33 2.29395704581502
61 34 2.19351931821498
61 35 2.09643746338097
61 36 2.00299134706059
61 37 1.91340574610545
61 38 1.82787775423421
61 39 1.74657754057849
61 40 1.66963555983114
61 41 1.59712732653065
61 42 1.52910264790931
61 43 1.46552298377612
61 44 1.40609524662424
61 45 1.34975153985456
61 46 1.29194683194444
61 47 1.21181666666667
61 48 1
61 49 1
61 50 1
61 51 1
61 52 1
61 53 1
61 54 1
61 55 0
61 56 0
61 57 0
61 58 0
61 59 0
61 60 0
61 61 0
61 62 0
61 63 0
61 64 0
61 65 0
61 66 0
61 67 0
61 68 0
61 69 0
61 70 0
61 71 0
61 72 0
61 73 0
61 74 0
61 75 0
61 76 0
61 77 0
61 78 0
61 79 0
61 80 0
61 81 0

62 0 0
62 1 0.2554759762687
62 2 0.56858148278952
62 3 0.953412715432437
62 4 1.42786235658597
62 5 2.01468880212086
62 6 2.7430360255812
62 7 3.65044985078424
62 8 4.78545787811707
62 9 4.70774419763551
62 10 4.62634319108546
62 11 4.54130201444596
62 12 4.45269433279736
62 13 4.36060958728289
62 14 4.26518403462662
62 15 4.16659135204749
62 16 4.06503094038917
62 17 3.96071323182215
62 18 3.85388265214569
62 19 3.74484328329669
62 20 3.63390953316493
62 21 3.52142635567307
62 22 3.40775504489034
62 23 3.29329448881083
62 24 3.17843591805802
62 25 3.06358108224592
62 26 2.94913156203641
62 27 2.83551289210999
62 28 2.72314455156331
62 29 2.61244136129168
62 30 2.50375853515096
62 31 2.39747863231051
62 32 2.29395704581502
62 33 2.19351931821498
62 34 2.09643746338097
62 35 2.00299134706059
62 36 1.91340574610545
62 37 1.82787775423421
62 38 1.74657754057849
62 39 1.66963555983114
62 40 1.59712732653065
62 41 1.52910264790931
62 42 1.46552298377612
62 43 1.40609524662424
62 44 1.34975153985456
62 45 1.29194683194444
62 46 1.21181666666667
62 47 1
62 48 1
62 49 1
62 50 1
62 51 1
62 52 1
62 53 1
62 54 0
62 55 0
62 56 0
62 57 0
62 58 0
62 59 0
62 60 0
62 61 0
62 62 0
62 63 0
62 64 0
62 65 0
62 66 0
62 67 0
62 68 0
62 69 0
62 70 0
62 71 0
62 72 0
62 73 0
62 74 0
62 75 0
62 76 0
62 77 0
62 78 0
62 79 0
62 80 0
62 81 0

63 0 0
63 1 0.331899145245948
63 2 0.739383749544404
63 3 1.24126722335505
63 4 1.861484309348
63 5 2.63068005085942
63 6 3.58832953781895
63 7 4.78545787811707
63 8 4.70774419763551
63 9 4.62634319108546
63 10 4.54130201444596
63 11 4.45269433279736
63 12 4.36060958728289
63 13 4.26518403462662
63 14 4.16659135204749
63 15 4.06503094038917
63 16 3.96071323182215
63 17 3.85388265214569
63 18 3.74484328329669
63 19 3.63390953316493
63 20 3.52142635567307
63 21 3.40775504489034
63 22 3.29329448881083
63 23 3.17843591805802
63 24 3.06358108224592
63 25 2.94913156203641
63 26 2.83551289210999
63 27 2.72314455156331
63 28 2.61244136129168
63 29 2.50375853515096
63 30 2.39747863231051
63 31 2.29395704581502
63 32 2.19351931821498
63 33 2.09643746338097
63 34 2.00299134706059
63 35 1.91340574610545
63 36 1.82787775423421
63 37 1.74657754057849
63 38 1.66963555983114
63 39 1.59712732653065
63 40 1.52910264790931
63 41 1.46552298377612
63 42 1.40609524662424
63 43 1.34975153985456
63 44 1.29194683194444
63 45 1.21181666666667
63 46 1
63 47 1
63 48 1
63 49 1
63 50 1
63 51 1
63 52 1
63 53 0
63 54 0
63 55 0
63 56 0
63 57 0
63 58 0
63 59 0
63 60 0
63 61 0
63 62 0
63 63 0
63 64 0
63 65 0
63 66 0
63 67 0
63 68 0
63 69 0
63 70 0
63 71 0
63 72 0
63 73 0
63 74 0
63 75 0
63 76 0
63 77 0
63 78 0
63 79 0
63 80 0
63 81 0

64 0 0
64 1 0.439251379831623
64 2 0.97960525960586
64 3 1.64664597064098
64 4 2.47312350329251
64 5 3.50121835331075
64 6 4.78545787811707
64 7 4.70774419763551
64 8 4.62634319108546
64 9 4.54130201444596
64 10 4.45269433279736
64 11 4.36060958728289
64 12 4.26518403462662
64 13 4.16659135204749
64 14 4.06503094038917
64 15 3.96071323182215
64 16 3.85388265214569
64 17 3.74484328329669
64 18 3.63390953316493
64 19 3.52142635567307
64 20 3.40775504489034
64 21 3.29329448881083
64 22 3.17843591805802
64 23 3.06358108224592
64 24 2.94913156203641
64 25 2.83551289210999
64 26 2.72314455156331
64 27 2.61244136129168
64 28 2.50375853515096
64 29 2.39747863231051
64 30 2.29395704581502
64 31 2.19351931821498
64 32 2.09643746338097
64 33 2.00299134706059
64 34 1.91340574610545
64 35 1.82787775423421
64 36 1.74657754057849
64 37 1.66963555983114
64 38 1.59712732653065
64 39 1.52910264790931
64 40 1.46552298377612
64 41 1.40609524662424
64 42 1.34975153985456
64 43 1.29194683194444
64 44 1.21181666666667
64 45 1
64 46 1
64 47 1
64 48 1
64 49 1
64 50 1
64 51 1
64 52 0
64 53 0
64 54 0
64 55 0
64 56 0
64 57 0
64 58 0
64 59 0
64 60 0
64 61 0
64 62 0
64 63 0
64 64 0
64 65 0
64 66 0
64 67 0
64 68 0
64 69 0
64 70 0
64 71 0
64 72 0
64 73 0
64 74 0
64 75 0
64 76 0
64 77 0
64 78 0
64 79 0
64 80 0
64 81 0

65 0 0
65 1 0.596656300330751
65 2 1.33222458114508
65 3 2.2425354764612
65 4 3.37372891246632
65 5 4.78545787811707
65 6 4.70774419763551
65 7 4.62634319108546
65 8 4.54130201444596
65 9 4.45269433279736
65 10 4.36060958728289
65 11 4.26518403462662
65 12 4.16659135204749
65 13 4.06503094038917
65 14 3.96071323182215
65 15 3.85388265214569
65 16 3.74484328329669
65 17 3.63390953316493
65 18 3.52142635567307
65 19 3.40775504489034
65 20 3.29329448881083
65 21 3.17843591805802
65 22 3.06358108224592
65 23 2.94913156203641
65 24 2.83551289210999
65 25 2.72314455156331
65 26 2.61244136129168
65 27 2.50375853515096
65 28 2.39747863231051
65 29 2.29395704581502
65 30 2.19351931821498
65 31 2.09643746338097
65 32 2.00299134706059
65 33 1.91340574610545
65 34 1.82787775423421
65 35 1.74657754057849
65 36 1.66963555983114
65 37 1.59712732653065
65 38 1.52910264790931
65 39 1.46552298377612
65 40 1.40609524662424
65 41 1.34975153985456
65 42 1.29194683194444
65 43 1.21181666666667
65 44 1
65 45 1
65 46 1
65 47 1
65 48 1
65 49 1
65 50 1
65 51 0
65 52 0
65 53 0
65 54 0
65 55 0
65 56 0
65 57 0
65 58 0
65 59 0
65 60 0
65 61 0
65 62 0
65 63 0
65 64 0
65 65 0
65 66 0
65 67 0
65 68 0
65 69 0
65 70 0
65 71 0
65 72 0
65 73 0
65 74 0
65 75 0
65 76 0
65 77 0
65 78 0
65 79 0
65 80 0
65 81 0

