35 0 0
35 1 0.00112582363767463
35 2 0.00247894072971509
35 3 0.00410559763066173
35 4 0.00606146222926897
35 5 0.0084137471250649
35 6 0.0112435797598086
35 7 0.0146490754019809
35 8 0.0187496483531111
35 9 0.0236901692404247
35 10 0.0296470358757717
35 11 0.036834410704602
35 12 0.0455130654178622
35 13 0.0560009014449865
35 14 0.0686859416705726
35 15 0.0840415530796135
35 16 0.102647489972575
35 17 0.125212795863796
35 18 0.152606570607054
35 19 0.185895459331776
35 20 0.226390267732602
35 21 0.275706800907533
35 22 0.335831119393691
35 23 0.409220489312076
35 24 0.498914209460841
35 25 0.608671392137507
35 26 0.743167939236267
35 27 0.908247928378077
35 28 1.11124645833827
35 29 1.36139872160266
35 30 1.67034772423779
35 31 2.05290197642428
35 32 2.52787945316466
35 33 3.11939597921528
35 34 3.85853489602559
35 35 4.78545787763332
35 36 4.7077441970339
35 37 4.6263431903348
35 38 4.5413020135059
35 39 4.45269433161537
35 40 4.36060958579008
35 41 4.26518403273198
35 42 4.16659134962981
35 43 4.06503093728554
35 44 3.96071322781156
35 45 3.8538826469252

36 0 8.67361737988404e-19
36 1 0.00135493568699869
36 2 0.00298364332297347
36 3 0.00494183820048006
36 4 0.00729676762886711
36 5 0.0101296010776532
36 6 0.0135384935817604
36 7 0.0176428634322496
36 8 0.0225875982265589
36 9 0.0285491063539649
36 10 0.035741586416274
36 11 0.0444258550551812
36 12 0.05491986949087
36 13 0.0676117217611148
36 14 0.0829748752124119
36 15 0.101589192188476
36 16 0.124163860362434
36 17 0.151568157252053
36 18 0.184868947027007
36 19 0.22537730558328
36 20 0.274709361483643
36 21 0.334851595444858
36 22 0.408261773058969
36 23 0.497979812374395
36 24 0.60776560355783
36 25 0.742295996405938
36 26 0.907416224222586
36 27 1.11046280902417
36 28 1.36067272006552
36 29 1.6696912098572
36 30 2.05232961282945
36 31 2.52740951232157
36 32 3.11905133748492
36 33 3.85834434761725
36 34 4.78545787763332
36 35 4.7077441970339
36 36 4.6263431903348
36 37 4.5413020135059
36 38 4.45269433161537
36 39 4.36060958579008
36 40 4.26518403273198
36 41 4.16659134962981
36 42 4.06503093728554
36 43 3.96071322781156
36 44 3.8538826469252
36 45 3.7448432764464

37 0 0
37 1 0.00163117970146258
37 2 0.00359218362156362
37 3 0.00595030091072262
37 4 0.00878675170096333
37 5 0.0121997389637989
37 6 0.0163086857994846
37 7 0.021258500262259
37 8 0.0272256034919935
37 9 0.0344242376752968
37 10 0.0431152736398957
37 11 0.0536167358591216
37 12 0.0663167997316804
37 13 0.0816890447633684
37 14 0.100313463539001
37 15 0.122899417508406
37 16 0.150316398355004
37 17 0.183631534291283
37 18 0.22415622692835
37 19 0.273506994750678
37 20 0.333670824981999
37 21 0.407106085303423
37 22 0.496853440240696
37 23 0.606673717645544
37 24 0.741244909966878
37 25 0.906413643630442
37 26 1.1095181563034
37 27 1.35979755905279
37 28 1.66889981237278
37 29 2.05163965519482
37 30 2.52684302054005
37 31 3.11863588794338
37 32 3.85811465039282
37 33 4.78545787763332
37 34 4.7077441970339
37 35 4.6263431903348
37 36 4.5413020135059
37 37 4.45269433161537
37 38 4.36060958579008
37 39 4.26518403273198
37 40 4.16659134962981
37 41 4.06503093728554
37 42 3.96071322781156
37 43 3.8538826469252
37 44 3.7448432764464
37 45 3.63390952409581

38 0 0
38 1 0.00196439185097604
38 2 0.0043263539561431
38 3 0.00716716755057323
38 4 0.0105850934211567
38 5 0.0146995604684236
38 6 0.0196555014191558
38 7 0.0256293527914656
38 8 0.0328354093387321
38 9 0.0415346072413869
38 10 0.0520450520854564
38 11 0.064755019809622
38 12 0.080138230017121
38 13 0.0987748323739925
38 14 0.121374397918713
38 15 0.14880667663568
38 16 0.182139115194207
38 17 0.222683508043988
38 18 0.272056843946373
38 19 0.332246721013162
38 20 0.40571223309321
38 21 0.495494945023847
38 22 0.605356815580227
38 23 0.739977215341596
38 24 0.905204450950524
38 25 1.10837882928672
38 26 1.35874204461471
38 27 1.66794532347426
38 28 2.05080751089861
38 29 2.52615978597435
38 30 3.11813482244456
38 31 3.85783761710038
38 32 4.78545787763332
38 33 4.7077441970339
38 34 4.6263431903348
38 35 4.5413020135059
38 36 4.45269433161537
38 37 4.36060958579008
38 38 4.26518403273198
38 39 4.16659134962981
38 40 4.06503093728554
38 41 3.96071322781156
38 42 3.8538826469252
38 43 3.7448432764464
38 44 3.63390952409581
38 45 3.52142634354803

39 0 0
39 1 0.00236660196474319
39 2 0.00521268051821291
39 3 0.00863656621792842
39 4 0.0127576949640942
39 5 0.0177210292579043
39 6 0.0237030241756746
39 7 0.0309180379074828
39 8 0.0396270855003098
39 9 0.0501483704256243
39 10 0.0628702899520666
39 11 0.0782667327501197
39 12 0.096918038048813
39 13 0.119534029814696
39 14 0.146984769745457
39 15 0.180338088818776
39 16 0.220906255555376
39 17 0.270306826238866
39 18 0.330528136190537
39 19 0.404030155586319
39 20 0.493855535744488
39 21 0.603767600219648
39 22 0.738447382695661
39 23 0.903745217472625
39 24 1.10700390852131
39 25 1.35746826746569
39 26 1.66679346225467
39 27 2.04980329309641
39 28 2.5253352699414
39 29 3.11753014499105
39 30 3.85750329796205
39 31 4.78545787763332
39 32 4.7077441970339
39 33 4.6263431903348
39 34 4.5413020135059
39 35 4.45269433161537
39 36 4.36060958579008
39 37 4.26518403273198
39 38 4.16659134962981
39 39 4.06503093728554
39 40 3.96071322781156
39 41 3.8538826469252
39 42 3.7448432764464
39 43 3.63390952409581
39 44 3.52142634354803
39 45 3.40775502850313

40 0 0
40 1 0.00285243653267427
40 2 0.00628351933865389
40 3 0.0104126927709696
40 4 0.0153849552864786
40 5 0.0213767843724353
40 6 0.028602614825251
40 7 0.0373235569313714
40 8 0.0478579323689982
40 9 0.0605942849251679
40 10 0.0760067074364406
40 11 0.0946757680486408
40 12 0.117311596164963
40 13 0.144784629908936
40 14 0.178163164350091
40 15 0.218760040498649
40 16 0.268193499979677
40 17 0.328452768370705
40 18 0.401998874102678
40 19 0.491875780531289
40 20 0.60184845932261
40 21 0.736599952530269
40 22 0.901983043059245
40 23 1.10534355037442
40 24 1.35593005063175
40 25 1.66540247143678
40 26 2.04859059688069
40 27 2.52433958208287
40 28 3.11679993481354
40 29 3.85709957323918
40 30 4.78545787763332
40 31 4.7077441970339
40 32 4.6263431903348
40 33 4.5413020135059
40 34 4.45269433161537
40 35 4.36060958579008
40 36 4.26518403273198
40 37 4.16659134962981
40 38 4.06503093728554
40 39 3.96071322781156
40 40 3.8538826469252
40 41 3.7448432764464
40 42 3.63390952409581
40 43 3.52142634354803
40 44 3.40775502850313
40 45 3.29329446639662

41 0 0
41 1 0.00343978075795537
41 2 0.00757867647186937
41 3 0.0125617290522623
41 4 0.0185654430707833
41 5 0.0258043459052486
41 6 0.0345396629422933
41 7 0.0450898587170461
41 8 0.0578436540890958
41 9 0.0732753886367719
41 10 0.0919659071597671
41 11 0.114625708192031
41 12 0.142125684780747
41 13 0.175534692866509
41 14 0.216166265332907
41 15 0.265639472063876
41 16 0.325944614542416
41 17 0.399544000137282
41 18 0.489483177846786
41 19 0.599529111136744
41 20 0.734367269245145
41 21 0.899853394300699
41 22 1.10333695009728
41 23 1.35407106235799
41 24 1.66372141089818
41 25 2.04712501153868
41 26 2.52313625885011
41 27 3.11591745054513
41 28 3.85661165794071
41 29 4.78545787763332
41 30 4.7077441970339
41 31 4.6263431903348
41 32 4.5413020135059
41 33 4.45269433161537
41 34 4.36060958579008
41 35 4.26518403273198
41 36 4.16659134962981
41 37 4.06503093728554
41 38 3.96071322781156
41 39 3.8538826469252
41 40 3.7448432764464
41 41 3.63390952409581
41 42 3.52142634354803
41 43 3.40775502850313
41 44 3.29329446639662
41 45 3.17843588699262

42 0 0
42 1 0.00415065576717354
42 2 0.00914675998944967
42 3 0.0151648499997096
42 4 0.0224195651620608
42 5 0.0311722700881069
42 6 0.0417416021124433
42 7 0.0545164962812796
42 8 0.0699715906313186
42 9 0.088688064602244
42 10 0.111376863227863
42 11 0.13890942983014
42 12 0.172355298778239
42 13 0.213028839844452
42 14 0.262550124773065
42 15 0.322910756460277
42 16 0.396574589275577
42 17 0.486589090207562
42 18 0.596723631999214
42 19 0.731666619806091
42 20 0.897277375228281
42 21 1.10090977023305
42 22 1.35182243369124
42 23 1.66168800328016
42 24 2.04535224230708
42 25 2.52168072136514
42 26 3.11484999925889
42 27 3.85602147652721
42 28 4.78545787763332
42 29 4.7077441970339
42 30 4.6263431903348
42 31 4.5413020135059
42 32 4.45269433161537
42 33 4.36060958579008
42 34 4.26518403273198
42 35 4.16659134962981
42 36 4.06503093728554
42 37 3.96071322781156
42 38 3.8538826469252
42 39 3.7448432764464
42 40 3.63390952409581
42 41 3.52142634354803
42 42 3.40775502850313
42 43 3.29329446639662
42 44 3.17843588699262
42 45 3.06358103855798

43 0 -3.46944695195361e-18
43 1 0.00501190718186136
43 2 0.0110474036777177
43 3 0.0183212644449485
43 4 0.027095022669087
43 5 0.0376875249107406
43 6 0.0504879655537984
43 7 0.0659713440090836
43 8 0.0847192448991912
43 9 0.107443153881035
43 10 0.135015180550622
43 11 0.168505680720064
43 12 0.209230037468524
43 13 0.258809535595222
43 14 0.319237353750613
43 15 0.392979219416417
43 16 0.483084921888509
43 17 0.593326751068499
43 18 0.728396666928044
43 19 0.89415832509984
43 20 1.09797093497816
43 21 1.34909978865846
43 22 1.65922594841416
43 23 2.04320576903027
43 24 2.51991835305504
43 25 3.11355752665762
43 26 3.85530688344314
43 27 4.78545787763332
43 28 4.7077441970339
43 29 4.6263431903348
43 30 4.5413020135059
43 31 4.45269433161537
43 32 4.36060958579008
43 33 4.26518403273198
43 34 4.16659134962981
43 35 4.06503093728554
43 36 3.96071322781156
43 37 3.8538826469252
43 38 3.7448432764464
43 39 3.63390952409581
43 40 3.52142634354803
43 41 3.40775502850313
43 42 3.29329446639662
43 43 3.17843588699262
43 44 3.06358103855798
43 45 2.94913149960053

44 0 0
44 1 0.00605659511634685
44 2 0.0133536625124622
44 3 0.0221529397044627
44 4 0.0327735268584413
44 5 0.0456049327047552
44 6 0.0611225946803524
44 7 0.0799085885351391
44 8 0.10267505522211
44 9 0.130294911936426
44 10 0.163839510171553
44 11 0.204625461248677
44 12 0.254275520326186
44 13 0.314784776046119
44 14 0.38862122631313
44 15 0.478837475321009
44 16 0.589209348896085
44 17 0.724433115847398
44 18 0.890377685143169
44 19 1.0944087357402
44 20 1.34579963631243
44 21 1.65624166069238
44 22 2.04060400172866
44 23 2.51778216422281
44 24 3.11199090433414
44 25 3.854440716163
44 26 4.78545787763332
44 27 4.7077441970339
44 28 4.6263431903348
44 29 4.5413020135059
44 30 4.45269433161537
44 31 4.36060958579008
44 32 4.26518403273198
44 33 4.16659134962981
44 34 4.06503093728554
44 35 3.96071322781156
44 36 3.8538826469252
44 37 3.7448432764464
44 38 3.63390952409581
44 39 3.52142634354803
44 40 3.40775502850313
44 41 3.29329446639662
44 42 3.17843588699262
44 43 3.06358103855798
44 44 2.94913149960053
44 45 2.83551280128096

45 0 0
45 1 0.00732522979774625
45 2 0.0161554755300598
45 3 0.0268101451259391
45 4 0.0396791287908593
45 5 0.0552383955283181
45 6 0.0740706170957101
45 7 0.0968887296805066
45 8 0.124566630539728
45 9 0.15817687947582
45 10 0.199037578342924
45 11 0.248773266653618
45 12 0.309381350919993
45 13 0.383332584318176
45 14 0.473682987060974
45 15 0.584212675995727
45 16 0.719623148920548
45 17 0.885789689988342
45 18 1.09008582929272
45 19 1.34179473683845
45 20 1.65262007869434
45 21 2.03744662733951
45 22 2.51518979252797
45 23 3.11008973000601
45 24 3.85338957896662
45 25 4.78545787763332
45 26 4.7077441970339
45 27 4.6263431903348
45 28 4.5413020135059
45 29 4.45269433161537
45 30 4.36060958579008
45 31 4.26518403273198
45 32 4.16659134962981
45 33 4.06503093728554
45 34 3.96071322781156
45 35 3.8538826469252
45 36 3.7448432764464
45 37 3.63390952409581
45 38 3.52142634354803
45 39 3.40775502850313
45 40 3.29329446639662
45 41 3.17843588699262
45 42 3.06358103855798
45 43 2.94913149960053
45 44 2.83551280128096
45 45 2.72314441681048

46 0 0
46 1 0.00886787602281008
46 2 0.0195639596529509
46 3 0.0324786046314523
46 4 0.0480884258754868
46 5 0.0669768193591764
46 6 0.0898576875701182
46 7 0.117606118651698
46 8 0.151296140638881
46 9 0.192247666552481
46 10 0.242087404097888
46 11 0.302815576262316
46 12 0.376906284189375
46 13 0.467419698942592
46 14 0.578141151446742
46 15 0.713778493315
46 16 0.880214755273052
46 17 1.0848330074366
46 18 1.33692832953957
46 19 1.64821944562395
46 20 2.0336100591878
46 21 2.51203976676099
46 22 3.10777958747009
46 23 3.85211232799994
46 24 4.78545787763332
46 25 4.7077441970339
46 26 4.6263431903348
46 27 4.5413020135059
46 28 4.45269433161537
46 29 4.36060958579008
46 30 4.26518403273198
46 31 4.16659134962981
46 32 4.06503093728554
46 33 3.96071322781156
46 34 3.8538826469252
46 35 3.7448432764464
46 36 3.63390952409581
46 37 3.52142634354803
46 38 3.40775502850313
46 39 3.29329446639662
46 40 3.17843588699262
46 41 3.06358103855798
46 42 2.94913149960053
46 43 2.83551280128096
46 44 2.72314441681048
46 45 2.61244115699431

47 0 -6.93889390390723e-18
47 1 0.0107464780736158
47 2 0.0237166857744476
47 3 0.0393880239962277
47 4 0.0583447699722842
47 5 0.0813020020272925
47 6 0.109136257428267
47 7 0.142923350820971
47 8 0.18398539913458
47 9 0.233951748428175
47 10 0.29482604890148
47 11 0.369086475654221
47 12 0.459798250690161
47 13 0.570753049655984
47 14 0.706666455770337
47 15 0.873430926134079
47 16 1.07844113958717
47 17 1.33100666815297
47 18 1.64286455908672
47 19 2.02894155199437
47 20 2.50820667495312
47 21 3.10496850302683
47 22 3.85055811207311
47 23 4.78545787763332
47 24 4.7077441970339
47 25 4.6263431903348
47 26 4.5413020135059
47 27 4.45269433161537
47 28 4.36060958579008
47 29 4.26518403273198
47 30 4.16659134962981
47 31 4.06503093728554
47 32 3.96071322781156
47 33 3.8538826469252
47 34 3.7448432764464
47 35 3.63390952409581
47 36 3.52142634354803
47 37 3.40775502850313
47 38 3.29329446639662
47 39 3.17843588699262
47 40 3.06358103855798
47 41 2.94913149960053
47 42 2.83551280128096
47 43 2.72314441681048
47 44 2.61244115699431
47 45 2.50375821792314

48 0 0
48 1 0.0130379258550305
48 2 0.0287842390962139
48 3 0.0478242910087658
48 4 0.0708745929917907
48 5 0.0988134484600594
48 6 0.132718849526174
48 7 0.173915599175722
48 8 0.224036259012924
48 9 0.285088656219766
48 10 0.359555931109636
48 11 0.450509461618472
48 12 0.561748656146833
48 13 0.697998520958705
48 14 0.86516300173399
48 15 1.07065092567232
48 16 1.32378952755814
48 17 1.6363381864211
48 18 2.02325171757404
48 19 2.50353501936792
48 20 3.10154243889947
48 21 3.84866388102436
48 22 4.78545787763332
48 23 4.7077441970339
48 24 4.6263431903348
48 25 4.5413020135059
48 26 4.45269433161537
48 27 4.36060958579008
48 28 4.26518403273198
48 29 4.16659134962981
48 30 4.06503093728554
48 31 3.96071322781156
48 32 3.8538826469252
48 33 3.7448432764464
48 34 3.63390952409581
48 35 3.52142634354803
48 36 3.40775502850313
48 37 3.29329446639662
48 38 3.17843588699262
48 39 3.06358103855798
48 40 2.94913149960053
48 41 2.83551280128096
48 42 2.72314441681048
48 43 2.61244115699431
48 44 2.50375821792314
48 45 2.39747812654651

49 0 0
49 1 0.0158378518422323
49 2 0.0349796137502805
49 3 0.0581435467943998
49 4 0.0862101107168431
49 5 0.120259956145942
49 6 0.161621165530869
49 7 0.211930226403528
49 8 0.273200065712672
49 9 0.347919885907008
49 10 0.439168580831416
49 11 0.550754999970673
49 12 0.687415654385891
49 13 0.855068516408277
49 14 1.06113968727168
49 15 1.31497796660248
49 16 1.62836999877021
49 17 2.01630487731736
49 18 2.49783129537753
49 19 3.09735948409909
49 20 3.84635117391677
49 21 4.78545787763332
49 22 4.7077441970339
49 23 4.6263431903348
49 24 4.5413020135059
49 25 4.45269433161537
49 26 4.36060958579008
49 27 4.26518403273198
49 28 4.16659134962981
49 29 4.06503093728554
49 30 3.96071322781156
49 31 3.8538826469252
49 32 3.7448432764464
49 33 3.63390952409581
49 34 3.52142634354803
49 35 3.40775502850313
49 36 3.29329446639662
49 37 3.17843588699262
49 38 3.06358103855798
49 39 2.94913149960053
49 40 2.83551280128096
49 41 2.72314441681048
49 42 2.61244115699431
49 43 2.50375821792314
49 44 2.39747812654651
49 45 2.29395621560491

50 0 0
50 1 0.0192661879589568
50 2 0.0425691305873702
50 3 0.0707919255522302
50 4 0.10501847575429
50 5 0.146580875546383
50 6 0.19712041521038
50 7 0.258656260450983
50 8 0.333685029778162
50 9 0.425294811559563
50 10 0.537306004949386
50 11 0.674469195303664
50 12 0.842719514337211
50 13 1.04950419532552
50 14 1.30419841905947
50 15 1.61862218472833
50 16 2.00780651985296
50 17 2.49085369353877
50 18 3.09224230220954
50 19 3.84352194350632
50 20 4.78545787763332
50 21 4.7077441970339
50 22 4.6263431903348
50 23 4.5413020135059
50 24 4.45269433161537
50 25 4.36060958579008
50 26 4.26518403273198
50 27 4.16659134962981
50 28 4.06503093728554
50 29 3.96071322781156
50 30 3.8538826469252
50 31 3.7448432764464
50 32 3.63390952409581
50 33 3.52142634354803
50 34 3.40775502850313
50 35 3.29329446639662
50 36 3.17843588699262
50 37 3.06358103855798
50 38 2.94913149960053
50 39 2.83551280128096
50 40 2.72314441681048
50 41 2.61244115699431
50 42 2.50375821792314
50 43 2.39747812654651
50 44 2.29395621560491
50 45 2.19351791084067

51 0 0
51 1 0.0234733818957427
51 2 0.0518877313101668
51 3 0.0863309387462589
51 4 0.128140017540848
51 5 0.178962146614272
51 6 0.240824140992674
51 7 0.316231711998249
51 8 0.40828422137761
51 9 0.520816229302736
51 10 0.658595577583787
51 11 0.827578437008418
51 12 1.03523795079002
51 13 1.29098164559237
51 14 1.6066704168571
51 15 1.9973867072401
51 16 2.48229847519786
51 17 3.0859681396295
51 18 3.84005303191499
51 19 4.78545787763332
51 20 4.7077441970339
51 21 4.6263431903348
51 22 4.5413020135059
51 23 4.45269433161537
51 24 4.36060958579008
51 25 4.26518403273198
51 26 4.16659134962981
51 27 4.06503093728554
51 28 3.96071322781156
51 29 3.8538826469252
51 30 3.7448432764464
51 31 3.63390952409581
51 32 3.52142634354803
51 33 3.40775502850313
51 34 3.29329446639662
51 35 3.17843588699262
51 36 3.06358103855798
51 37 2.94913149960053
51 38 2.83551280128096
51 39 2.72314441681048
51 40 2.61244115699431
51 41 2.50375821792314
51 42 2.39747812654651
51 43 2.29395621560491
51 44 2.19351791084067
51 45 2.09643499130348

52 0 0
52 1 0.028649817047616
52 2 0.0633593496263898
52 3 0.105471657716921
52 4 0.156641158827667
52 5 0.218904070886236
52 6 0.294777282522264
52 7 0.387374013243796
52 8 0.500546230604092
52 9 0.639082988848836
52 10 0.808966320971954
52 11 1.01770121988684
52 12 1.27473497330772
52 13 1.59197874825059
52 14 1.98457818924515
52 15 2.47178200315162
52 16 3.07825564735199
52 17 3.83578888454581
52 18 4.78545787763332
52 19 4.7077441970339
52 20 4.6263431903348
52 21 4.5413020135059
52 22 4.45269433161537
52 23 4.36060958579008
52 24 4.26518403273198
52 25 4.16659134962981
52 26 4.06503093728554
52 27 3.96071322781156
52 28 3.8538826469252
52 29 3.7448432764464
52 30 3.63390952409581
52 31 3.52142634354803
52 32 3.40775502850313
52 33 3.29329446639662
52 34 3.17843588699262
52 35 3.06358103855798
52 36 2.94913149960053
52 37 2.83551280128096
52 38 2.72314441681048
52 39 2.61244115699431
52 40 2.50375821792314
52 41 2.39747812654651
52 42 2.29395621560491
52 43 2.19351791084067
52 44 2.09643499130348
52 45 2.00298683102572

53 0 0
53 1 0.0350378824696805
53 2 0.0775240392522267
53 3 0.129121812246769
53 4 0.191879012134193
53 5 0.268326307946696
53 6 0.361594004302684
53 7 0.475555530160401
53 8 0.615026092387925
53 9 0.786019609262416
53 10 0.996080340908074
53 11 1.2547045960833
53 12 1.5738655211793
53 13 1.96878668175182
53 14 2.45881633864717
53 15 3.06874698447308
53 16 3.83053165532073
53 17 4.78545787763332
53 18 4.7077441970339
53 19 4.6263431903348
53 20 4.5413020135059
53 21 4.45269433161537
53 22 4.36060958579008
53 23 4.26518403273198
53 24 4.16659134962981
53 25 4.06503093728554
53 26 3.96071322781156
53 27 3.8538826469252
53 28 3.7448432764464
53 29 3.63390952409581
53 30 3.52142634354803
53 31 3.40775502850313
53 32 3.29329446639662
53 33 3.17843588699262
53 34 3.06358103855798
53 35 2.94913149960053
53 36 2.83551280128096
53 37 2.72314441681048
53 38 2.61244115699431
53 39 2.50375821792314
53 40 2.39747812654651
53 41 2.29395621560491
53 42 2.19351791084067
53 43 2.09643499130348
53 44 2.00298683102572
53 45 1.91339713086953

54 0 0
54 1 0.0429486634196421
54 2 0.0950762726633623
54 3 0.158444980378322
54 4 0.235602504011712
54 5 0.32970028501378
54 6 0.444638303304321
54 7 0.585264120449159
54 8 0.757631101580392
54 9 0.969332086223477
54 10 1.2299240294859
54 11 1.55145675549781
54 12 1.94925022975558
54 13 2.44277587624689
54 14 3.05698334911649
54 15 3.82402767801316
54 16 4.78545787763332
54 17 4.7077441970339
54 18 4.6263431903348
54 19 4.5413020135059
54 20 4.45269433161537
54 21 4.36060958579008
54 22 4.26518403273198
54 23 4.16659134962981
54 24 4.06503093728554
54 25 3.96071322781156
54 26 3.8538826469252
54 27 3.7448432764464
54 28 3.63390952409581
54 29 3.52142634354803
54 30 3.40775502850313
54 31 3.29329446639662
54 32 3.17843588699262
54 33 3.06358103855798
54 34 2.94913149960053
54 35 2.83551280128096
54 36 2.72314441681048
54 37 2.61244115699431
54 38 2.50375821792314
54 39 2.39747812654651
54 40 2.29395621560491
54 41 2.19351791084067
54 42 2.09643499130348
54 43 2.00298683102572
54 44 1.91339713086953
54 45 1.8278605137054

55 0 0
55 1 0.0527857585244006
55 2 0.116914065903307
55 3 0.194953816696808
55 4 0.290082707996764
55 5 0.406233700660519
55 6 0.548294546446776
55 7 0.722367610380041
55 8 0.936106076097827
55 9 1.19914223207919
55 10 1.52362114961564
55 11 1.92498253978849
55 12 2.42285081674614
55 13 3.04237085674712
55 14 3.81594860076394
55 15 4.78545787763332
55 16 4.7077441970339
55 17 4.6263431903348
55 18 4.5413020135059
55 19 4.45269433161537
55 20 4.36060958579008
55 21 4.26518403273198
55 22 4.16659134962981
55 23 4.06503093728554
55 24 3.96071322781156
55 25 3.8538826469252
55 26 3.7448432764464
55 27 3.63390952409581
55 28 3.52142634354803
55 29 3.40775502850313
55 30 3.29329446639662
55 31 3.17843588699262
55 32 3.06358103855798
55 33 2.94913149960053
55 34 2.83551280128096
55 35 2.72314441681048
55 36 2.61244115699431
55 37 2.50375821792314
55 38 2.39747812654651
55 39 2.29395621560491
55 40 2.19351791084067
55 41 2.09643499130348
55 42 2.00298683102572
55 43 1.91339713086953
55 44 1.8278605137054
55 45 1.74654116815485

56 0 0
56 1 0.0650764170260155
56 2 0.144217337450235
56 3 0.240633229873362
56 4 0.358298220975403
56 5 0.502150226715231
56 6 0.678352772321731
56 7 0.894634361153457
56 8 1.16072131055719
56 9 1.48887757649074
56 10 1.89469233290336
56 11 2.39798095169945
56 12 3.02413197955791
56 13 3.80586453748262
56 14 4.78545787763332
56 15 4.7077441970339
56 16 4.6263431903348
56 17 4.5413020135059
56 18 4.45269433161537
56 19 4.36060958579008
56 20 4.26518403273198
56 21 4.16659134962981
56 22 4.06503093728554
56 23 3.96071322781156
56 24 3.8538826469252
56 25 3.7448432764464
56 26 3.63390952409581
56 27 3.52142634354803
56 28 3.40775502850313
56 29 3.29329446639662
56 30 3.17843588699262
56 31 3.06358103855798
56 32 2.94913149960053
56 33 2.83551280128096
56 34 2.72314441681048
56 35 2.61244115699431
56 36 2.50375821792314
56 37 2.39747812654651
56 38 2.29395621560491
56 39 2.19351791084067
56 40 2.09643499130348
56 41 2.00298683102572
56 42 1.91339713086953
56 43 1.8278605137054
56 44 1.74654116815485
56 45 1.6695542170521

57 0 0
57 1 0.0805233167260782
57 2 0.178554896272721
57 3 0.29812054444314
57 4 0.444221152784037
57 5 0.62309702637547
57 6 0.842571224129391
57 7 1.11248810620397
57 8 1.44526087506584
57 9 1.85666633871278
57 10 2.36675959532602
57 11 3.00123509276312
57 12 3.79320511481155
57 13 4.78545787763332
57 14 4.7077441970339
57 15 4.6263431903348
57 16 4.5413020135059
57 17 4.45269433161537
57 18 4.36060958579008
57 19 4.26518403273198
57 20 4.16659134962981
57 21 4.06503093728554
57 22 3.96071322781156
57 23 3.8538826469252
57 24 3.7448432764464
57 25 3.63390952409581
57 26 3.52142634354803
57 27 3.40775502850313
57 28 3.29329446639662
57 29 3.17843588699262
57 30 3.06358103855798
57 31 2.94913149960053
57 32 2.83551280128096
57 33 2.72314441681048
57 34 2.61244115699431
57 35 2.50375821792314
57 36 2.39747812654651
57 37 2.29395621560491
57 38 2.19351791084067
57 39 2.09643499130348
57 40 2.00298683102572
57 41 1.91339713086953
57 42 1.8278605137054
57 43 1.74654116815485
57 44 1.6695542170521
57 45 1.59693331835215

58 0 -5.55111512312578e-17
58 1 0.10007416509075
58 2 0.22204266378567
58 3 0.370986002690259
58 4 0.553241553582575
58 5 0.7767519144881
58 6 1.05151067776264
58 7 1.39011972643912
58 8 1.80859307941435
58 9 2.32728890185601
58 10 2.9722883683068
58 11 3.77720080719017
58 12 4.78545787763332
58 13 4.7077441970339
58 14 4.6263431903348
58 15 4.5413020135059
58 16 4.45269433161537
58 17 4.36060958579008
58 18 4.26518403273198
58 19 4.16659134962981
58 20 4.06503093728554
58 21 3.96071322781156
58 22 3.8538826469252
58 23 3.7448432764464
58 24 3.63390952409581
58 25 3.52142634354803
58 26 3.40775502850313
58 27 3.29329446639662
58 28 3.17843588699262
58 29 3.06358103855798
58 30 2.94913149960053
58 31 2.83551280128096
58 32 2.72314441681048
58 33 2.61244115699431
58 34 2.50375821792314
58 35 2.39747812654651
58 36 2.29395621560491
58 37 2.19351791084067
58 38 2.09643499130348
58 39 2.00298683102572
58 40 1.91339713086953
58 41 1.8278605137054
58 42 1.74654116815485
58 43 1.6695542170521
58 44 1.59693331835215
58 45 1.52860583859196

59 0 0
59 1 0.125032477030185
59 2 0.277600704279403
59 3 0.464165827458677
59 4 0.692822874072702
59 5 0.973755728888648
59 6 1.31980686966706
59 7 1.74729279315267
59 8 2.27695811829838
59 9 2.9353771515221
59 10 3.75679302429947
59 11 4.78545787763332
59 12 4.7077441970339
59 13 4.6263431903348
59 14 4.5413020135059
59 15 4.45269433161537
59 16 4.36060958579008
59 17 4.26518403273198
59 18 4.16659134962981
59 19 4.06503093728554
59 20 3.96071322781156
59 21 3.8538826469252
59 22 3.7448432764464
59 23 3.63390952409581
59 24 3.52142634354803
59 25 3.40775502850313
59 26 3.29329446639662
59 27 3.17843588699262
59 28 3.06358103855798
59 29 2.94913149960053
59 30 2.83551280128096
59 31 2.72314441681048
59 32 2.61244115699431
59 33 2.50375821792314
59 34 2.39747812654651
59 35 2.29395621560491
59 36 2.19351791084067
59 37 2.09643499130348
59 38 2.00298683102572
59 39 1.91339713086953
59 40 1.8278605137054
59 41 1.74654116815485
59 42 1.6695542170521
59 43 1.59693331835215
59 44 1.52860583859196
59 45 1.46414690774247

60 0 0
60 1 0.157240198140576
60 2 0.349359753447036
60 3 0.584650153569095
60 4 0.873540543409473
60 5 1.22918349347011
60 6 1.66828535186945
60 7 2.21208882209815
60 8 2.88780378815542
60 9 3.73049026444653
60 10 4.78545787763332
60 11 4.7077441970339
60 12 4.6263431903348
60 13 4.5413020135059
60 14 4.45269433161537
60 15 4.36060958579008
60 16 4.26518403273198
60 17 4.16659134962981
60 18 4.06503093728554
60 19 3.96071322781156
60 20 3.8538826469252
60 21 3.7448432764464
60 22 3.63390952409581
60 23 3.52142634354803
60 24 3.40775502850313
60 25 3.29329446639662
60 26 3.17843588699262
60 27 3.06358103855798
60 28 2.94913149960053
60 29 2.83551280128096
60 30 2.72314441681048
60 31 2.61244115699431
60 32 2.50375821792314
60 33 2.39747812654651
60 34 2.29395621560491
60 35 2.19351791084067
60 36 2.09643499130348
60 37 2.00298683102572
60 38 1.91339713086953
60 39 1.8278605137054
60 40 1.74654116815485
60 41 1.6695542170521
60 42 1.59693331835215
60 43 1.52860583859196
60 44 1.46414690774247
60 45 1.40193885899713

61 0 0
61 1 0.19937592233461
61 2 0.443332203428761
61 3 0.742618398538593
61 4 1.11079218649985
61 5 1.5650692212591
61 6 2.12734290904925
61 7 2.82565345893229
61 8 3.69612806954058
61 9 4.78545787763332
61 10 4.7077441970339
61 11 4.6263431903348
61 12 4.5413020135059
61 13 4.45269433161537
61 14 4.36060958579008
61 15 4.26518403273198
61 16 4.16659134962981
61 17 4.06503093728554
61 18 3.96071322781156
61 19 3.8538826469252
61 20 3.7448432764464
61 21 3.63390952409581
61 22 3.52142634354803
61 23 3.40775502850313
61 24 3.29329446639662
61 25 3.17843588699262
61 26 3.06358103855798
61 27 2.94913149960053
61 28 2.83551280128096
61 29 2.72314441681048
61 30 2.61244115699431
61 31 2.50375821792314
61 32 2.39747812654651
61 33 2.29395621560491
61 34 2.19351791084067
61 35 2.09643499130348
61 36 2.00298683102572
61 37 1.91339713086953
61 38 1.8278605137054
61 39 1.74654116815485
61 40 1.6695542170521
61 41 1.59693331835215
61 42 1.52860583859196
61 43 1.46414690774247
61 44 1.40193885899713
61 45 1.33593682361111

62 0 0
62 1 0.255475976242875
62 2 0.568581482732043
62 3 0.953412715336058
62 4 1.42786235644163
62 5 2.0146888019172
62 6 2.74303602530391
62 7 3.65044985041523
62 8 4.78545787763332
62 9 4.7077441970339
62 10 4.6263431903348
62 11 4.5413020135059
62 12 4.45269433161537
62 13 4.36060958579008
62 14 4.26518403273198
62 15 4.16659134962981
62 16 4.06503093728554
62 17 3.96071322781156
62 18 3.8538826469252
62 19 3.7448432764464
62 20 3.63390952409581
62 21 3.52142634354803
62 22 3.40775502850313
62 23 3.29329446639662
62 24 3.17843588699262
62 25 3.06358103855798
62 26 2.94913149960053
62 27 2.83551280128096
62 28 2.72314441681048
62 29 2.61244115699431
62 30 2.50375821792314
62 31 2.39747812654651
62 32 2.29395621560491
62 33 2.19351791084067
62 34 2.09643499130348
62 35 2.00298683102572
62 36 1.91339713086953
62 37 1.8278605137054
62 38 1.74654116815485
62 39 1.6695542170521
62 40 1.59693331835215
62 41 1.52860583859196
62 42 1.46414690774247
62 43 1.40193885899713
62 44 1.33593682361111
62 45 1.24091666666667

63 0 0
63 1 0.331899145212397
63 2 0.73938374946966
63 3 1.24126722322957
63 4 1.86148430915982
63 5 2.63068005059349
63 6 3.58832953745621
63 7 4.78545787763332
63 8 4.7077441970339
63 9 4.6263431903348
63 10 4.5413020135059
63 11 4.45269433161537
63 12 4.36060958579008
63 13 4.26518403273198
63 14 4.16659134962981
63 15 4.06503093728554
63 16 3.96071322781156
63 17 3.8538826469252
63 18 3.7448432764464
63 19 3.63390952409581
63 20 3.52142634354803
63 21 3.40775502850313
63 22 3.29329446639662
63 23 3.17843588699262
63 24 3.06358103855798
63 25 2.94913149960053
63 26 2.83551280128096
63 27 2.72314441681048
63 28 2.61244115699431
63 29 2.50375821792314
63 30 2.39747812654651
63 31 2.29395621560491
63 32 2.19351791084067
63 33 2.09643499130348
63 34 2.00298683102572
63 35 1.91339713086953
63 36 1.8278605137054
63 37 1.74654116815485
63 38 1.6695542170521
63 39 1.59693331835215
63 40 1.52860583859196
63 41 1.46414690774247
63 42 1.40193885899713
63 43 1.33593682361111
63 44 1.24091666666667
63 45 1

64 0 0
64 1 0.43925137978722
64 2 0.979605259506834
64 3 1.64664597047453
64 4 2.4731235030425
64 5 3.50121835295682
64 6 4.78545787763332
64 7 4.7077441970339
64 8 4.6263431903348
64 9 4.5413020135059
64 10 4.45269433161537
64 11 4.36060958579008
64 12 4.26518403273198
64 13 4.16659134962981
64 14 4.06503093728554
64 15 3.96071322781156
64 16 3.8538826469252
64 17 3.7448432764464
64 18 3.63390952409581
64 19 3.52142634354803
64 20 3.40775502850313
64 21 3.29329446639662
64 22 3.17843588699262
64 23 3.06358103855798
64 24 2.94913149960053
64 25 2.83551280128096
64 26 2.72314441681048
64 27 2.61244115699431
64 28 2.50375821792314
64 29 2.39747812654651
64 30 2.29395621560491
64 31 2.19351791084067
64 32 2.09643499130348
64 33 2.00298683102572
64 34 1.91339713086953
64 35 1.8278605137054
64 36 1.74654116815485
64 37 1.6695542170521
64 38 1.59693331835215
64 39 1.52860583859196
64 40 1.46414690774247
64 41 1.40193885899713
64 42 1.33593682361111
64 43 1.24091666666667
64 44 1
64 45 0

65 0 0
65 1 0.596656300270436
65 2 1.33222458101041
65 3 2.24253547623451
65 4 3.37372891212527
65 5 4.78545787763332
65 6 4.7077441970339
65 7 4.6263431903348
65 8 4.5413020135059
65 9 4.45269433161537
65 10 4.36060958579008
65 11 4.26518403273198
65 12 4.16659134962981
65 13 4.06503093728554
65 14 3.96071322781156
65 15 3.8538826469252
65 16 3.7448432764464
65 17 3.63390952409581
65 18 3.52142634354803
65 19 3.40775502850313
65 20 3.29329446639662
65 21 3.17843588699262
65 22 3.06358103855798
65 23 2.94913149960053
65 24 2.83551280128096
65 25 2.72314441681048
65 26 2.61244115699431
65 27 2.50375821792314
65 28 2.39747812654651
65 29 2.29395621560491
65 30 2.19351791084067
65 31 2.09643499130348
65 32 2.00298683102572
65 33 1.91339713086953
65 34 1.8278605137054
65 35 1.74654116815485
65 36 1.6695542170521
65 37 1.59693331835215
65 38 1.52860583859196
65 39 1.46414690774247
65 40 1.40193885899713
65 41 1.33593682361111
65 42 1.24091666666667
65 43 1
65 44 0
65 45 0

